0 0.4788860671875 0.4722798859375 0.47286262968750004 0.46850384843750004 0.47060351562499997 0.47015875156250003 0.4702272140625 0.471281578125 0.47436848906250006 0.47530698750000006 0.4788860671875 0.4722798859375
0 0.4276842453125 0.5103519750000001 0.4318255203125 0.5135302171875 0.4374733078125 0.5088289968749999 0.43446093750000003 0.5065171375 0.4276842453125 0.5103519750000001
0 0.5116399734375 0.49289945937499996 0.5157812500000001 0.4957954765625 0.5218053390625 0.490253165625 0.517287109375 0.4896093578125 0.5116399734375 0.49289945937499996
0 0.3899505203125 0.490168915625 0.387306640625 0.48692843124999996 0.3851419265625 0.487867696875 0.3848098953125 0.48864705781250006 0.3876002609375 0.4916703734375 0.3899505203125 0.490168915625
0 0.3848098953125 0.489418540625 0.38348828125 0.489395471875 0.3818723953125 0.4891465640625 0.3809908859375 0.490893871875 0.38348828125 0.4936913703125 0.3867194015625 0.49374777031250006 0.3867194015625 0.4917648609375 0.3848098953125 0.489418540625
0 0.3920065109375 0.4915265796875 0.389509765625 0.4907120046875 0.387306640625 0.4921056765625 0.38642578125 0.49352243125 0.3890690109375 0.49411934999999996 0.3920065109375 0.4915265796875
0 0.515380859375 0.5087713968750001 0.510974609375 0.5064913609375 0.5093593750000001 0.5088869953125 0.5140592453124999 0.5113923703125 0.5158216140625 0.510872353125 0.515380859375 0.5087713968750001
0 0.600126953125 0.4992355078125 0.60365234375 0.4999576890625 0.603064453125 0.495431315625 0.6005677078125 0.49549759687500006 0.600126953125 0.4992355078125
0 0.6011555984375 0.522275925 0.6039459640625 0.5261801 0.606736328125 0.5264490203125 0.6077649734375 0.5247042796875 0.6039459640625 0.5215531453125 0.60218359375 0.522183515625 0.6011555984375 0.522275925
0 0.5864680984375 0.5707080312499999 0.5867617187499999 0.5689509484374999 0.5839713546875 0.5692323203125 0.5807395828125 0.5720401671875 0.5835305984375 0.5736308765625 0.5864680984375 0.5707080312499999
0 0.5836770828125 0.5742945671874999 0.5869088546875 0.5744608421875 0.5899928390625 0.5709897703125 0.58749609375 0.569954978125 0.5836770828125 0.5742945671874999
0 0.6077649734375 0.5731730296875 0.6083522140625 0.5675651171875 0.6042395828125 0.567823896875 0.6039459640625 0.5737670125000001 0.6068834640625 0.5748095 0.6077649734375 0.5731730296875
0 0.6299427078125001 0.5716870968750001 0.6237740890625 0.5721302046875001 0.6240677078125 0.5754400171875 0.6289147140625 0.5750841921875 0.6305299484375 0.573349690625 0.6299427078125001 0.5716870968750001
0 0.6333209640625 0.571856415625 0.636845703125 0.5744516328125 0.6400768234374999 0.5740671140625 0.6409583328124999 0.5727607234375001 0.6355240890625 0.569691746875 0.63376171875 0.5709827625 0.6333209640625 0.571856415625
0 0.6532955734375 0.5762807578125 0.6562330734375 0.576001465625 0.6556458328125 0.5716953171875 0.6531490890625 0.5719823015625 0.6532955734375 0.5762807578125
0 0.642720703125 0.5836967578125 0.6459518234375 0.5836432953124999 0.6460989578125 0.5790193984374999 0.6431614578125 0.579298203125 0.642720703125 0.5836967578125
0 0.61246484375 0.592422059375 0.6143743484375 0.5947683765625 0.61907421875 0.5915457265625 0.6165768234375 0.590290709375 0.61246484375 0.592422059375
0 0.6239205734375 0.6114584437499999 0.6289147140625 0.6082409296875 0.62641796875 0.6065450046875001 0.621423828125 0.608991525 0.621423828125 0.6107537328125 0.6239205734375 0.6114584437499999
0 0.6499173171875 0.612463 0.650798828125 0.6130291703124999 0.6510924484375 0.61512706875 0.6585833328125 0.6151479578125 0.6578489578125 0.6121610203125 0.6499173171875 0.612463
0 0.565318359375 0.58697265 0.5688430984374999 0.5858222609375 0.566787109375 0.5820412562499999 0.5635553390625 0.5824252750000001 0.565318359375 0.58697265
0 0.3916145828125 0.61884298125 0.3959973953125 0.61537016875 0.3940690109375 0.6140215671875 0.3889850265625 0.6166935687499999 0.3889850265625 0.6185343890625 0.3916145828125 0.61884298125
0 0.3933678390625 0.62137163125 0.39880208281249996 0.6176539875 0.3958216140625 0.616155675 0.39073828125 0.6188276859374999 0.3916145828125 0.621078334375 0.3933678390625 0.62137163125
0 0.42106445312499996 0.61028574375 0.42404492187500004 0.6084969453125 0.42053906249999995 0.605411825 0.41843554687499995 0.6068213984375 0.42106445312499996 0.61028574375
0 0.3860052078125 0.6325497578125 0.3895110671875 0.6331368312500001 0.3902122390625 0.6282848125 0.3868815109375 0.628095328125 0.3860052078125 0.6325497578125
0 0.3668977859375 0.6499652593749999 0.37040364531250003 0.6462139546875 0.367423828125 0.6445843046874999 0.364443359375 0.6470298390625 0.3649694015625 0.6495370671875 0.3668977859375 0.6499652593749999
0 0.4243951828125 0.6261207359375 0.41966210937500004 0.6231455421875001 0.4177337234375 0.6249522140625 0.42159049531250004 0.62830664375 0.4243951828125 0.6283556 0.4243951828125 0.6261207359375
0 0.3246510421875 0.5946663156249999 0.32342382812500003 0.5958284890625001 0.322021484375 0.5952781328125 0.3204440109375 0.595776475 0.3197428390625 0.5964214625 0.32342382812500003 0.6004300515625001 0.3216712234375 0.600004928125 0.3216712234375 0.6025029749999999 0.32342382812500003 0.6027962625 0.32552734375000003 0.6032275109375 0.3274557296875 0.6052333390625 0.3313125 0.6038543703125 0.3314876296875 0.6001762734375 0.32710546875 0.5954982203125 0.32552734375000003 0.5948134484375001 0.3246510421875 0.5946663156249999
0 0.30589453125 0.6066978078124999 0.30869921875 0.61029656875 0.31115299531249996 0.6106020937500001 0.3132565109375 0.6087979906250001 0.3101015625 0.6054562984375 0.306595703125 0.606315515625 0.30589453125 0.6066978078124999
0 0.6280911453125 0.48807958281249997 0.6315970046875 0.4857740796875 0.626513671875 0.482398728125 0.6245852859375 0.48433723593750005 0.6280911453125 0.48807958281249997
0 0.6068802078125 0.4787689140625 0.6117884109375 0.47964365000000003 0.610912109375 0.47515814062499995 0.6082825515625 0.475112240625 0.6068802078125 0.4787689140625
0 0.5691914062500001 0.474429903125 0.5646334640624999 0.4717209484375 0.5628802078125 0.4737938609375 0.5658606765624999 0.4759494 0.5677890624999999 0.4758517125 0.5691914062500001 0.474429903125
0 0.684537109375 0.4682919 0.6813815109375 0.46521289374999997 0.6784016921875 0.4662126390625 0.6813815109375 0.47060351875000006 0.6838359374999999 0.4703831765625 0.684537109375 0.4682919
0 0.6158203125 0.4624908828125 0.6126647140625 0.46098951406250005 0.6105611984375 0.462136390625 0.6119635421875 0.465710671875 0.615119140625 0.465371221875 0.6158203125 0.4624908828125
0 0.22128125 0.5729269312499999 0.21803255156249998 0.5717159281249999 0.21204687500000002 0.5757154515625 0.21033723906250001 0.5767114890625 0.21273112031250002 0.57893345 0.22128125 0.5729269312499999
0 0.2077721359375 0.5747428875 0.21033723906250001 0.576968325 0.21649348906250002 0.57181699375 0.2139283859375 0.570105228125 0.2077721359375 0.5747428875
0 0.1715188796875 0.5712887953125 0.1761360671875 0.569188725 0.17100585937499999 0.5653799390625001 0.168611328125 0.5667487859375 0.1715188796875 0.5712887953125
0 0.034171875000000004 0.747693640625 0.0383359375 0.7471232578125 0.038826171874999996 0.74474314375 0.037356120312500005 0.743155959375 0.035886718750000005 0.7426713265625 0.034662109375 0.7429253421875 0.034171875000000004 0.747693640625
0 0.0374791671875 0.7519769562499999 0.0377239578125 0.747204371875 0.0347845046875 0.7475202515625 0.0344166671875 0.747422034375 0.0345390625 0.7523846187500001 0.0374791671875 0.7519769562499999
0 0.0458072921875 0.774719490625 0.0432356765625 0.7724700125 0.0416432296875 0.7724422171875001 0.040908203125 0.7734401281250001 0.041030598437499996 0.775187384375 0.04384765625 0.7771657546874999 0.045317707812500004 0.7774668046875 0.0458072921875 0.774719490625
0 0.148568359375 0.8278632890625 0.14428125 0.8321058406249999 0.145505859375 0.8337805375 0.15016015625 0.8307387296875 0.15003776093750001 0.8291745828125 0.148568359375 0.8278632890625
0 0.14170898437499999 0.8305912140625 0.14403645781250002 0.832193365625 0.1477109375 0.82876678125 0.1458736984375 0.8278162531250001 0.14170898437499999 0.8305912140625
0 0.4134986984375 0.1875189171875 0.415513671875 0.1896698109375 0.4199466140625 0.1856666203125 0.417931640625 0.1842710984375 0.4134986984375 0.1875189171875
0 0.41611783906250005 0.18907586406250002 0.4193424484375 0.191247871875 0.42236523437500006 0.187975928125 0.41954362031250003 0.186566325 0.41611783906250005 0.18907586406250002
0 0.4193424484375 0.1853538296875 0.4229694015625 0.1854171375 0.4229694015625 0.18148745 0.420349609375 0.1811394765625 0.4193424484375 0.1853538296875
0 0.42256640624999997 0.1863168421875 0.4269993484375 0.1863942203125 0.427201171875 0.181561315625 0.4233723953125 0.1816458515625 0.42256640624999997 0.1863168421875
0 0.419140625 0.1817228640625 0.4269993484375 0.181406915625 0.4263951828125 0.179280159375 0.41893945312499997 0.179301384375 0.419140625 0.1817228640625
0 0.4278059890625 0.1820254859375 0.4316341140625 0.182394553125 0.4316341140625 0.179976584375 0.4286119796875 0.176296390625 0.42679817656249996 0.176113853125 0.426193359375 0.17731227968750002 0.4278059890625 0.1820254859375
0 0.5255377609375 0.16211958437500001 0.5243287765625 0.1602845171875 0.5219108078125 0.1613004171875 0.5219108078125 0.16553235156249999 0.5257395828125 0.16514556875 0.5255377609375 0.16211958437500001
0 0.521306640625 0.161743484375 0.5247317703125 0.1593848125 0.5211048171875 0.1569035359375 0.5176790359375001 0.158657215625 0.521306640625 0.161743484375
0 0.5247317703125 0.15696684375 0.527150390625 0.16033376875 0.529568359375 0.1593183578125 0.529568359375 0.1568999 0.5269485671874999 0.1538317109375 0.5243287765625 0.154541840625 0.5247317703125 0.15696684375
0 0.5331953125 0.158474928125 0.5348072921875 0.155933728125 0.52976953125 0.153125090625 0.5275533859375 0.15369090000000002 0.5331953125 0.158474928125
0 0.4953125 0.4438019618472578 0.0109375 0.006440914772652384
0 0.43984375 0.4334587512145207 0.0125 0.008030688311602674
0 0.484375 0.4357985470746054 0.01953125 0.008153419236879244
0 0.49609375 0.4266280986167329 0.00625 0.007921594155801338
0 0.43359375 0.41381840705871936 0.009375 0.005632391233702095
0 0.375 0.42060814934808166 0.01171875 0.009579551542127617
0 0.390625 0.428693384737585 0.0125 0.007249438311602674
0 0.5359375 0.4046673238599666 0.00625 0.007921594155801338
0 0.54140625 0.41491903124629276 0.00546875 0.004782957386326103
0 0.55625 0.415178129866321 0.009375 0.0064136412337020944
0 0.5875 0.4313486006453278 0.00546875 0.005564207386326103
0 0.55 0.4369440357105197 0.00859375 0.007181254464226861
0 0.5234375 0.447417885548364 0.0078125 0.004823867694751627
0 0.53828125 0.44845823416839214 0.0109375 0.004878414772652206
0 0.44140625 0.453798524753471 0.0078125 0.004042617694751627
0 0.39453125 0.4545428185849609 0.01015625 0.00564602800317715
0 0.36484375 0.4344933713449043 0.00546875 0.0032204573863261034
0 0.33515625 0.4496001741048479 0.00625 0.004796594155801337
0 0.35078125 0.4733104094943513 0.0078125 0.004823867694751627
0 0.36171875 0.4985013242670037 0.0078125 0.004823867694751627
0 0.40703125 0.49772975689656357 0.009375 0.005632391233702095
0 0.41484375 0.5072411245913153 0.00625 0.004796594155801337
0 0.42734375 0.521521812902918 0.0109375 0.004878414772652384
0 0.421875 0.5347076055165918 0.00703125 0.0032477309252765705
0 0.52578125 0.5099587958567894 0.00625 0.005577844155801337
0 0.52734375 0.5240485693957397 0.00859375 0.006400004464227038
0 0.5703125 0.4662048417168741 0.00703125 0.006372730925276571
0 0.61171875 0.5067713404990581 0.00625 0.007140344155801337
0 0.5671875 0.5278690446389734 0.0078125 0.007167617694751627
0 0.63359375 0.45324692004436284 0.00625 0.006359094155801337
0 0.47890625 0.5091405896882792 0.0078125 0.0063863676947516265
0 0.4859375 0.48504457061355577 0.0078125 0.007167617694751627
0 0.01328125 0.2525755750810779 0.0109375 0.008003414772652383
0 0.034375 0.3193500178569075 0.0140625 0.006495461850553053
0 0.05390625 0.27125343709378674 0.01015625 0.00877102800317724
0 0.059375 0.29322389448011293 0.01015625 0.00798977800317724
0 0.07421875 0.22785799310014115 0.00625 0.006359094155801337
0 0.284375 0.3182450340889619 0.0109375 0.009565914772652385
0 0.17578125 0.22025577313191325 0.01953125 0.011278419236879245
0 0.27421875 0.33369275608578464 0.0109375 0.009565914772652385
0 0.26796875 0.3195211619299833 0.009375 0.007194891233702094
0 0.30546875 0.37720697686479143 0.009375 0.009538641233702095
0 0.29140625 0.3707115150142384 0.01015625 0.00955227800317715
0 0.228125 0.19382568668674965 0.0125 0.009593188311602718
0 0.153125 0.19095405681713334 0.009375 0.006413641233702005
0 0.33828125 0.2340297211827486 0.0125 0.007249438311602674
0 0.24609375 0.28788933238467856 0.0109375 0.0072221647726523844
0 0.265625 0.3038552516215578 0.0109375 0.006440914772652384
0 0.390625 0.263068384737585 0.009375 0.011101141233702094
0 0.3921875 0.2841894082765353 0.0109375 0.008784664772652384
0 0.3875 0.30207633765968434 0.015625 0.011991485389503431
0 0.3109375 0.3366774342511176 0.01171875 0.008798301542127619
0 0.334375 0.34646153733537277 0.009375 0.007976141233702095
0 0.32421875 0.37753425933219553 0.01328125 0.0064818250810779075
0 0.3421875 0.38175415503012444 0.00859375 0.008743754464226861
0 0.32421875 0.36659675933219554 0.01328125 0.007263075081077907
0 0.36015625 0.33597405072805336 0.01484375 0.010415348620028197
0 0.4859375 0.19832582061355572 0.01171875 0.01036080154212753
0 0.59140625 0.20172928449270372 0.01171875 0.008017051542127618
0 0.41953125 0.2963854452081663 0.00859375 0.008743754464226861
0 0.4 0.30698202597128704 0.0078125 0.009511367694751716
0 0.3859375 0.3465803141207339 0.0125 0.011155688311602675
0 0.41171875 0.3290615775134146 0.0171875 0.00967500892845372
0 0.36640625 0.3798331448838547 0.01328125 0.009606825081077908
0 0.4640625 0.367475241068251 0.0078125 0.011855117694751626
0 0.49921875 0.34230764569463357 0.0125 0.015061938311602675
0 0.55 0.3299127857105197 0.01171875 0.010360801542127618
0 0.55546875 0.2745394930968459 0.01484375 0.008852848620028197
0 0.62890625 0.2812900994275118 0.01796875 0.011251145697928955
0 0.60234375 0.2878576992653561 0.009375 0.007976141233702095
0 0.65390625 0.29266397605071726 0.0109375 0.004878414772652384
0 0.68203125 0.2884673997518234 0.01640625 0.007317622158978576
0 0.65 0.32150204220334144 0.01328125 0.011950575081077908
0 0.61484375 0.3419821375769588 0.0109375 0.009565914772652385
0 0.5796875 0.35699348295057615 0.0078125 0.008730117694751715
0 0.54296875 0.3508838047852431 0.00703125 0.0071539809252765705
0 0.50703125 0.3705690133893853 0.009375 0.007194891233702094
0 0.5046875 0.3783406030809598 0.00625 0.004015344155801337
0 0.52109375 0.37237697523993835 0.00625 0.004796594155801337
0 0.4953125 0.38755196184725776 0.00625 0.004796594155801337
0 0.3109375 0.32652118425111765 0.00625 0.004796594155801337
0 0.553125 0.17215483278842036 0.0109375 0.008784664772652384
0 0.5578125 0.15583040340527138 0.00625 0.005577844155801337
0 0.66484375 0.24754239082336965 0.00859375 0.00561875446422686
0 0.70625 0.45764013960555366 0.00859375 0.006400004464226861
0 0.728125 0.39786571915085844 0.00625 0.005577844155801337
0 0.77109375 0.44783449147199283 0.009375 0.004851141233702094
0 0.7453125 0.4911344780793122 0.01171875 0.006454551542127618
0 0.90390625 0.15405899228277167 0.0078125 0.008730117694751715
0 0.8609375 0.24549646996163732 0.00703125 0.0071539809252765705
0 0.934375 0.2436533262923033 0.0109375 0.004878414772652384
0 0.80078125 0.2522589387120492 0.00703125 0.006372730925276571
0 0.86953125 0.3917402244258642 0.00625 0.008702844155801337
0 0.9203125 0.37934536444175027 0.00859375 0.0040562544642268605
0 0.93828125 0.44059651013967915 0.00546875 0.004782957386326103
0 0.9109375 0.4557442232080482 0.009375 0.0064136412337020944
0 0.87265625 0.43476352150376485 0.00703125 0.004810230925276571
0 0.8703125 0.42691011119533934 0.00625 0.005577844155801514
0 0.76875 0.5274810811635673 0.00859375 0.00483750446422686
0 0.8 0.5303703019425741 0.0078125 0.004823867694751627
0 0.8265625 0.5613027021047298 0.009375 0.0064136412337020944
0 0.72890625 0.5588168559203336 0.0078125 0.005605117694751627
0 0.6796875 0.540770239443398 0.009375 0.004851141233702094
0 0.60234375 0.591763949265356 0.0078125 0.0063863676947516265
0 0.61953125 0.5490952081938099 0.00859375 0.006400004464226861
0 0.63671875 0.5493952171222636 0.00703125 0.00793523092527657
0 0.72421875 0.5798287853034825 0.0078125 0.004042617694751627
0 0.77734375 0.5409123356277942 0.00703125 0.005591480925276571
0 0.75078125 0.5670111854656383 0.009375 0.0032886412337020943
0 0.746875 0.6130367516182625 0.00859375 0.00483750446422686
0 0.69609375 0.6113691116023764 0.00625 0.004015344155801515
0 0.678125 0.6016804659044476 0.00859375 0.0040562544642268605
0 0.01484375 0.3541653486200282 0.009375 0.004069891233702094
0 0.11171875 0.43945005803494935 0.01015625 0.00720852800317715
0 0.0046875 0.461019320616851 0.00625 0.008702844155801337
0 0.11953125 0.502086425729701 0.01484375 0.004946598620028197
0 0.22265625 0.4843552293004235 0.01171875 0.007235801542127618
0 0.22109375 0.49682795576147304 0.0078125 0.005605117694751627
0 0.2171875 0.5225410219140972 0.009375 0.007194891233702094
0 0.275 0.4790188928552599 0.01015625 0.00955227800317715
0 0.15 0.4776182597392326 0.00703125 0.006372730925276571
0 0.07734375 0.5193187901780418 0.01171875 0.004110801542127618
0 0.065625 0.5628642386359143 0.01171875 0.008017051542127618
0 0.01953125 0.5979971692368793 0.0125 0.007249438311602674
0 0.24375 0.511285922076253 0.01328125 0.0064818250810779075
0 0.253125 0.5419183133099551 0.0140625 0.007276711850553142
0 0.2296875 0.5501029602256999 0.00546875 0.006345457386326104
0 0.2390625 0.5627666014594019 0.0078125 0.004042617694751627
0 0.2359375 0.5697433043815014 0.0125 0.007249438311602674
0 0.16171875 0.6028228112813603 0.01015625 0.00720852800317715
0 0.14375 0.7579779155834313 0.00859375 0.007181254464226861
0 0.10625 0.7729483506486231 0.0078125 0.004823867694751627
0 0.0859375 0.7936875446422686 0.01015625 0.00564602800317715
0 0.109375 0.7940966477265239 0.00859375 0.007962504464227037
0 0.1078125 0.8128193741875733 0.009375 0.0064136412337020944
0 0.1125 0.7097761948044246 0.00859375 0.007181254464226861
0 0.06171875 0.7182648047885385 0.00546875 0.004782957386326103
0 0.10078125 0.840821643262297 0.0078125 0.007167617694751627
0 0.1046875 0.8627648271096728 0.0109375 0.004878414772652206
0 0.1421875 0.8532631420444808 0.00859375 0.006400004464227038
0 0.1734375 0.8264648628234876 0.009375 0.004851141233702094
0 0.190625 0.8009836217519414 0.00859375 0.006400004464227038
0 0.19296875 0.876805782060367 0.0109375 0.008003414772652206
0 0.17890625 0.8828103202098138 0.0109375 0.006440914772652207
0 0.18828125 0.8946927114435159 0.01015625 0.00720852800317715
0 0.209375 0.8450609042193455 0.01171875 0.006454551542127618
0 0.2515625 0.8293910397710047 0.00625 0.00870284415580116
0 0.25546875 0.8466467236183807 0.0078125 0.007167617694751982
0 0.28046875 0.863489350241586 0.0140625 0.011182961850553142
0 0.3 0.8302365194784652 0.0140625 0.008839211850553141
0 0.334375 0.8073990373353727 0.009375 0.007194891233702094
0 0.3390625 0.8238871079522238 0.009375 0.007976141233702095
0 0.3640625 0.7938547345754292 0.01015625 0.00798977800317715
0 0.31875 0.8461888019458694 0.009375 0.005632391233702095
0 0.33359375 0.8534791505658976 0.0109375 0.007222164772652207
0 0.26875 0.7335972986994584 0.01171875 0.009579551542127617
0 0.51015625 0.8589048104672858 0.01328125 0.010388075081078085
0 0.40546875 0.5711399833576133 0.0078125 0.0032613676947516267
0 0.415625 0.5728797613607904 0.0046875 0.007113070616851047
0 0.421875 0.5792388555165917 0.0046875 0.005550570616851047
0 0.3296875 0.5791922167185218 0.0078125 0.0063863676947516265
0 0.43125 0.5887774967502939 0.00546875 0.006345457386326104
0 0.45546875 0.5962314866040241 0.0109375 0.004878414772652384
0 0.496875 0.5860167353862081 0.0078125 0.0063863676947516265
0 0.48203125 0.5896638867661799 0.00859375 0.00561875446422686
0 0.4109375 0.6313916907439394 0.00703125 0.006372730925276571
0 0.4390625 0.6490701144450455 0.00703125 0.006372730925276571
0 0.45390625 0.6313604630650738 0.01328125 0.005700575081077908
0 0.4859375 0.6444195706135558 0.00859375 0.006400004464226861
0 0.5140625 0.6324104943146619 0.0078125 0.007167617694751627
0 0.53203125 0.6327241400125908 0.01015625 0.00642727800317715
0 0.50546875 0.6533542398504351 0.01015625 0.00720852800317715
0 0.48828125 0.6546167309219812 0.01171875 0.007235801542127618
0 0.571875 0.6084196152558243 0.009375 0.007976141233702095
0 0.56875 0.6169588181779238 0.0078125 0.0063863676947516265
0 0.56015625 0.6277463137136969 0.01171875 0.008798301542127619
0 0.553125 0.6549673327884203 0.00859375 0.008743754464226861
0 0.56328125 0.6574883607915976 0.01015625 0.010333528003177151
0 0.6109375 0.655195203729583 0.0109375 0.008784664772652384
0 0.6421875 0.6580844245085897 0.0078125 0.005605117694751627
0 0.66328125 0.6568901172844193 0.009375 0.004851141233702094
0 0.63984375 0.6681997642001642 0.0078125 0.008730117694751627