0 0.73984375 0.34453125 0.01171875 0.00859375
0 0.49140625 0.50859375 0.0125 0.00859375
0 0.36796875 0.2453125 0.0140625 0.009375
0 0.97890625 0.45546875 0.0140625 0.009375
0 0.82578125 0.2203125 0.0140625 0.01015625
0 0.82890625 0.53125 0.01171875 0.0078125
0 0.4046875 0.38359375 0.01171875 0.0078125
0 0.50703125 0.53515625 0.01328125 0.009375
0 0.49140625 0.60703125 0.0109375 0.0078125
0 0.88125 0.48046875 0.0125 0.0078125
0 0.78125 0.5703125 0.0125 0.009375
0 0.85546875 0.3703125 0.01640625 0.01171875
0 0.5546875 0.61953125 0.0140625 0.01015625
0 0.440625 0.38359375 0.01171875 0.00859375
0 0.7625 0.53046875 0.01328125 0.009375
0 0.67890625 0.596875 0.01171875 0.00859375
0 0.90546875 0.50625 0.0109375 0.00703125
0 0.765625 0.50390625 0.01328125 0.01015625
0 0.45703125 0.48125 0.01015625 0.00703125
0 0.4640625 0.5578125 0.01171875 0.009375
0 0.68203125 0.66796875 0.0109375 0.00703125
0 0.4546875 0.5078125 0.01015625 0.0078125
0 0.50078125 0.4171875 0.01328125 0.0109375
0 0.34453125 0.45703125 0.0125 0.009375
0 0.34453125 0.3921875 0.01171875 0.0078125
0 0.34140625 0.46875 0.01171875 0.009375
0 0.6390625 0.33046875 0.01171875 0.00859375
0 0.64375 0.4296875 0.0109375 0.00859375
0 0.653125 0.36953125 0.01171875 0.0078125
0 0.5828125 0.36796875 0.0109375 0.00859375
0 0.41953125 0.36796875 0.01015625 0.0078125
0 0.46953125 0.36796875 0.01171875 0.00703125
0 0.34609375 0.5453125 0.0109375 0.00703125
0 0.54453125 0.6328125 0.01640625 0.0109375
0 0.6796875 0.49609375 0.0109375 0.0078125
0 0.60703125 0.6796875 0.0109375 0.00703125
0 0.25078125 0.44453125 0.01328125 0.009375
0 0.878125 0.5265625 0.01640625 0.01015625
0 0.40625 0.51953125 0.009375 0.00703125
0 0.87109375 0.63125 0.01171875 0.0078125
0 0.55859375 0.4109375 0.01328125 0.009375
0 0.67734375 0.32109375 0.0109375 0.00703125
0 0.6078125 0.4453125 0.0125 0.009375
0 0.6953125 0.315625 0.0109375 0.00703125
0 0.70234375 0.5046875 0.0125 0.00859375
0 0.29765625 0.36875 0.0125 0.00859375
0 0.74765625 0.30625 0.01328125 0.00859375
0 0.728125 0.4765625 0.015625 0.01015625
0 0.55 0.20546875 0.01484375 0.01171875
0 0.84609375 0.2046875 0.01171875 0.00859375
0 0.75546875 0.390625 0.01171875 0.0078125
0 0.46953125 0.11875 0.0125 0.00859375
0 0.68984375 0.29921875 0.0109375 0.0078125
0 0.790625 0.340625 0.01328125 0.009375
0 0.30234375 0.321875 0.0125 0.009375
0 0.459375 0.40703125 0.0109375 0.00703125
0 0.3015625 0.403125 0.01171875 0.00859375
0 0.665625 0.46484375 0.0125 0.009375
0 0.753125 0.5921875 0.0109375 0.0078125
0 0.63984375 0.7578125 0.0125 0.009375
0 0.73984375 0.3921875 0.01171875 0.0078125
0 0.615625 0.3953125 0.0125 0.009375
0 0.696875 0.74375 0.0109375 0.00703125
0 0.85234375 0.55390625 0.0125 0.00859375
0 0.765625 0.603125 0.0125 0.00859375
0 0.8921875 0.2671875 0.0125 0.00859375
0 0.91328125 0.61484375 0.0140625 0.00859375
0 0.78515625 0.4609375 0.0109375 0.009375
0 0.52734375 0.45546875 0.0140625 0.009375
0 0.815625 0.63359375 0.0125 0.009375
0 0.5828125 0.42890625 0.01484375 0.00859375
0 0.44140625 0.6296875 0.01328125 0.009375
0 0.51484375 0.43125 0.0109375 0.0078125
0 0.56015625 0.38828125 0.01171875 0.009375
0 0.66015625 0.390625 0.01171875 0.00859375
0 0.6453125 0.35390625 0.0109375 0.0078125
0 0.5421875 0.2953125 0.01171875 0.00859375
0 0.97109375 0.6296875 0.01171875 0.0078125
0 0.7203125 0.42265625 0.0125 0.009375
0 0.2546875 0.1828125 0.0109375 0.0078125
0 0.68046875 0.50390625 0.01171875 0.0078125
0 0.43359375 0.52265625 0.0109375 0.01015625
0 0.734375 0.62734375 0.0125 0.00859375
0 0.86015625 0.65859375 0.01015625 0.00859375
0 0.9046875 0.440625 0.01328125 0.009375
0 0.78203125 0.52578125 0.0125 0.009375
0 0.23125 0.24375 0.0109375 0.00703125
0 0.40859375 0.4140625 0.01328125 0.00859375
0 0.9609375 0.6859375 0.0109375 0.009375
0 0.5609375 0.53984375 0.0125 0.00859375
0 0.40625 0.4765625 0.01328125 0.009375
0 0.3796875 0.51484375 0.0125 0.0078125
0 0.6546875 0.27265625 0.0140625 0.01015625
0 0.30859375 0.48515625 0.0109375 0.0078125
0 0.97421875 0.25546875 0.01484375 0.01015625
0 0.85234375 0.52734375 0.01171875 0.00859375
0 0.18125 0.4796875 0.01328125 0.009375
0 0.36953125 0.30234375 0.0109375 0.00859375
0 0.8171875 0.64296875 0.0125 0.01015625
0 0.5140625 0.4890625 0.009375 0.00859375
0 0.36796875 0.07109375 0.0140625 0.0109375
0 0.9640625 0.709375 0.01328125 0.009375
0 0.92734375 0.540625 0.01171875 0.00859375
0 0.715625 0.30390625 0.0109375 0.0078125
0 0.771875 0.43046875 0.01171875 0.009375
0 0.52265625 0.56875 0.0125 0.009375
0 0.571875 0.50859375 0.01328125 0.01015625
0 0.16953125 0.53203125 0.0125 0.009375
0 0.446875 0.54296875 0.0125 0.00859375
0 0.1703125 0.49296875 0.01171875 0.0078125
0 0.69765625 0.4421875 0.01015625 0.00703125