0 0.606187409248137 0.2578125 0.004728406615858205 0.00703125
0 0.7547026981811608 0.40546875 0.0063136325135573655 0.0109375
0 0.17033678854024042 0.40703125 0.007090337334017515 0.01015625
0 0.7391680808911099 0.28671875 0.01338124394987581 0.0171875
0 0.58844994252382 0.16328125 0.006318177693097127 0.01171875
0 0.5791567557555366 0.17734375 0.004746587334017604 0.01015625
0 0.5672607437534841 0.146875 0.007090337334017605 0.01015625
0 0.5634908491396784 0.1703125 0.005523292154477844 0.009375
0 0.5710397287263694 0.125 0.004746587334017604 0.01015625
0 0.6002732316532357 0.18125 0.005514201795398144 0.0078125
0 0.622139141294156 0.1796875 0.0039426114363184436 0.00625
0 0.5872101502711465 0.21875 0.003174996974937905 0.00859375
0 0.5527124304235717 0.19765625 0.006299996974937905 0.00859375
0 0.6008544937534841 0.146875 0.004737496974937905 0.00859375
0 0.5759226714465812 0.15859375 0.006331813231716587 0.0140625
0 0.557553945647078 0.08984375 0.011827834308955332 0.01875
0 0.5358789335468297 0.12421875 0.0031977228726368877 0.0125
0 0.5278255390312198 0.0828125 0.004742042154477666 0.009375
0 0.5905664335468297 0.12421875 0.004742042154477844 0.009375
0 0.572684041958086 0.1390625 0.007076701795397966 0.0078125