0 0.7558905508668415 0.30575768204606246 0.012119010339082336 0.009207903663473082
0 0.5150943846129566 0.482840239711693 0.012900260339082337 0.00924884724103805
0 0.37939436331561965 0.22602807496694338 0.01449914764263518 0.010111984396167806
0 0.9964352370750198 0.4041664473112105 0.007129525849960317 0.010111984396167627
0 0.8360424696019259 0.17703513851392613 0.014535534946188023 0.010893234396167762
0 0.8536496164159914 0.48780886420366665 0.01208262303552914 0.008426653663473083
0 0.422553666044488 0.3623849768213943 0.012082623035529316 0.008426653663473083
0 0.5319565529337561 0.5085838681603955 0.01371789764263518 0.010071040818602838
0 0.5196791848606257 0.581277739711693 0.011301373035529139 0.008385710085908115
0 0.9036281916850513 0.43428439450682 0.012863873035529138 0.00846759724103805
0 0.807812731593638 0.529368922435124 0.01293664764263518 0.010030097241038049
0 0.8727163318840884 0.32547928256646086 0.016952059553293708 0.012578565128862351
0 0.5835426317174724 0.5904613099289381 0.014535534946188023 0.010893234396167805
0 0.4584911660444879 0.36050157225341 0.012119010339082336 0.009207903663473082
0 0.7872069791124385 0.4905078182966811 0.01371789764263518 0.010071040818602838
0 0.7067061499144376 0.5612950310961228 0.01211901033908216 0.00920790366347326
0 0.9290477227022977 0.4587963936023088 0.011264985731976295 0.007604460085908293
0 0.789094810791639 0.4637815439864216 0.013754284946188022 0.010852290818602839
0 0.4794458289886041 0.45729800712454766 0.010483735731976297 0.007563516508343327
0 0.49004303473679106 0.5334920149264637 0.01215539764263518 0.00998915366347326
0 0.713142394537754 0.6322250067858632 0.011264985731976295 0.007604460085908293
0 0.4783392473094036 0.4839833378572422 0.010520123035529138 0.008344766508343326
0 0.5202120700972639 0.39094266678091455 0.013790672249740865 0.01163354081860284
0 0.3658178225784633 0.43897513229388974 0.01293664764263518 0.010030097241038049
0 0.3627976763835702 0.37413138229388976 0.012082623035529316 0.008426653663473083
0 0.3632386321317572 0.4508576566041492 0.01215539764263518 0.00998915366347326
0 0.6544543294028888 0.2969769035519315 0.01211901033908216 0.009207903663473082
0 0.6637630169541108 0.39594999208654225 0.011337760339082159 0.009166960085908293
0 0.6703361945805353 0.3353024191557637 0.01208262303552914 0.008426653663473083
0 0.5999509199734294 0.33742484113660254 0.011337760339082337 0.009166960085908293
0 0.4366696699734295 0.3459820488476616 0.010520123035529138 0.008344766508343326
0 0.4866696699734295 0.3433616598835096 0.012046235731976296 0.007645403663473082
0 0.37149208787994425 0.52717449513876 0.011264985731976384 0.007604460085908293
0 0.5740049658778723 0.6042748264372815 0.016915672249740867 0.01179731512886235
0 0.7027934377561097 0.46047283751855794 0.011301373035529316 0.008385710085908294
0 0.638688204091048 0.6478743402320915 0.011264985731976295 0.007604460085908293
0 0.2714856257216164 0.4313883616016748 0.01371789764263518 0.010071040818602838
0 0.902650042594674 0.4805419188170795 0.01687928494618802 0.011016065128862352
0 0.4304475568626976 0.49824058966626456 0.009702485731976296 0.0075225729307785375
0 0.9004946912707663 0.5855979110151633 0.01208262303552914 0.00842665366347326
0 0.5777334716688405 0.38166284204111367 0.01371789764263518 0.010071040818602838
0 0.6922989317602537 0.28559566825125254 0.011264985731976295 0.007604460085908293
0 0.6285532630251693 0.41345839665452655 0.01293664764263518 0.010030097241038049
0 0.7100129706353832 0.2791852159672604 0.011264985731976295 0.007604460085908293
0 0.7258499480951919 0.46787922376917657 0.012900260339082337 0.00924884724103805
0 0.31483105727698235 0.3531504969477822 0.012900260339082249 0.00924884724103805
0 0.761920072992748 0.2670669962704137 0.013681510339082159 0.00928979081860284
0 0.7503212551672865 0.43840308570953557 0.01609803494618802 0.010975121551297562
0 0.5595698608344202 0.17664447139432735 0.015389559553294064 0.012496677973732639
0 0.8556272235308672 0.16034560549723936 0.012119010339082336 0.009207903663473172
0 0.7736624017764644 0.35103256049476494 0.01208262303552914 0.008426653663473171
0 0.4750621201400452 0.09414290988350957 0.012900260339082158 0.009248847241038005
0 0.7037800872607717 0.26306557101021455 0.011301373035529139 0.008385710085908294
0 0.806489864349077 0.2991900995043456 0.01371789764263518 0.010071040818602838
0 0.3173353190638066 0.306029835482393 0.01293664764263518 0.010030097241038049
0 0.47833278515107586 0.3829564263918529 0.011264985731976295 0.007604460085908293
0 0.32033834863331123 0.3873207790599579 0.012119010339082248 0.009207903663473082
0 0.6872754456139927 0.4299598219147257 0.01293664764263518 0.010030097241038049
0 0.78070657609312 0.5527178912274596 0.011301373035529316 0.008385710085908115
0 0.6751394344463408 0.7242797099743666 0.01293664764263518 0.010030097241038049
0 0.7581101763835703 0.3534139320460625 0.01208262303552914 0.008426653663473083
0 0.6340369755977819 0.3630489608788777 0.01293664764263518 0.010030097241038049
0 0.731515712982388 0.7072283288121307 0.011264985731976295 0.007604460085908293
0 0.8781423482190263 0.5092368068767203 0.012900260339082337 0.00924884724103805
0 0.7937159983428609 0.5630002939864216 0.012900260339082337 0.00924884724103805
0 0.9046319578151018 0.2204299344209117 0.012900260339082337 0.00924884724103805
0 0.9419180578961548 0.5669807078266601 0.014462760339082337 0.009330734396167628
0 0.8066247590962279 0.41978920454729973 0.011374147642635179 0.009948210085908116
0 0.5485575479713575 0.4278318351437088 0.01449914764263518 0.010111984396167627
0 0.8451351031814252 0.5908486550222696 0.01293664764263518 0.010030097241038049
0 0.6027891296505579 0.3983623411366025 0.015244010339082159 0.009371677973732595
0 0.47073441666366056 0.606554378675845 0.01371789764263518 0.010071040818602838
0 0.5349295415612166 0.40426818238474677 0.011301373035529316 0.008385710085908294
0 0.5782407398658055 0.35892470488598394 0.01215539764263518 0.009989153663473171
0 0.6783499017764644 0.35602767695767984 0.012119010339082336 0.009207903663473172
0 0.6617959485094767 0.3200868549314125 0.011301373035529316 0.008385710085908294
0 0.5559419007430071 0.2668976571699761 0.012119010339082336 0.009207903663473082
0 0.9971903025729478 0.5787946330868593 0.005619394854104343 0.00842665366347326
0 0.7399980312221344 0.38490627148518436 0.01293664764263518 0.010030097241038049
0 0.2632021290313853 0.16946489371385046 0.011301373035529316 0.008385710085908294
0 0.7039385607916391 0.46824439394099304 0.012082623035529316 0.00842665366347326
0 0.4579368560769093 0.4999325644514938 0.011410534946188022 0.010729460085908115
0 0.7635940047530017 0.5888567870890167 0.012900260339082337 0.00924884724103805
0 0.890830746895119 0.6135148711010716 0.010556510339082337 0.009126016508343326
0 0.9252099392038519 0.39321233717987364 0.01371789764263518 0.010071040818602838
0 0.8065199052911212 0.48479672885755926 0.012936647642634825 0.010030097241038049
0 0.2426028387085138 0.2316307010407967 0.011264985731976295 0.007604460085908293
0 0.4278790208830522 0.3926490089335699 0.013681510339082336 0.00928979081860284
0 0.9928855525194713 0.6355768995952026 0.011374147642634825 0.009948210085908293
0 0.5860811267550737 0.5104462613084191 0.012900260339082337 0.00924884724103805
0 0.4284462551672865 0.45527183966626444 0.01371789764263518 0.010071040818602838
0 0.40366673304138 0.4949451713034703 0.012863873035529317 0.00846759724103805
0 0.6673866689399721 0.23834553200063394 0.014535534946188023 0.010893234396167805
0 0.3311902655063687 0.46898353686187394 0.011301373035529316 0.008385710085908115
0 0.9861173982618077 0.20441210877659968 0.015316784946188022 0.010934177973732594
0 0.8769051798982268 0.4826743068767204 0.012119010339082336 0.00920790366347326
0 0.20359180438149824 0.47018859000494884 0.01371789764263518 0.010071040818602838
0 0.3836131364749834 0.28297743781181367 0.011337760339082159 0.009166960085908293
0 0.8471342508240604 0.6001417678671398 0.012973034946188022 0.01081134724103805
0 0.5368409520241334 0.46212162596231166 0.009775260339082336 0.009085072930778537
0 0.3712799946233165 0.05180932496694344 0.014571922249741043 0.01167448439616776
0 0.9951216114023709 0.6588506252849431 0.009756777195258337 0.010071040818602838
0 0.9525237640586266 0.4920249734304923 0.012119010339082336 0.009207903663473082
0 0.7297796610820892 0.26640193295057363 0.011301373035529316 0.008385710085908294
0 0.7919244042576637 0.39001649536590255 0.01215539764263518 0.009989153663473083
0 0.549146206986532 0.5413587466090981 0.01293664764263518 0.010030097241038049
0 0.5955631346129566 0.4786230512225108 0.013754284946188022 0.010852290818602839
0 0.19431100371954443 0.5231464936684219 0.01293664764263518 0.010030097241038049
0 0.47216417596928545 0.519549023632891 0.012900260339082158 0.00924884724103805
0 0.193272888541898 0.48404305009085713 0.012082623035529316 0.00842665366347326
0 0.7182514638109577 0.40562488523456575 0.010483735731976297 0.007563516508343327