0 0.4213799394095874 0.5423970918133948 0.013372156667727175 0.00843108416039975
0 0.3703077880728603 0.5197622665443353 0.013381247334499946 0.009212334160399748
0 0.4686623773869975 0.37369844168956035 0.0047784066677271754 0.00803082382131759
0 0.4484771467218156 0.3855820115819365 0.013353975334181811 0.006868584160399749
0 0.5408913660486796 0.333595672459138 0.007976132001908987 0.014426373035529317
0 0.5038998960454979 0.31186837572612564 0.019694882001908987 0.014972182588823203
0 0.6363765887173614 0.34400017142568073 0.019649428668045487 0.011065932588823203
0 0.7184891073758617 0.27998686724907024 0.016551700668363624 0.013264133374611475
0 0.6123567387014529 0.22786790322871558 0.022047722668681758 0.015862594499481998
0 0.9693339920432706 0.27377529280858015 0.018886360001590673 0.012592045285270359
0 0.8282993646960441 0.17794487014455437 0.025953972668681758 0.016044531017246656
0 0.3742482113701347 0.2538097808123589 0.01736931333545444 0.016425520678164496
0 0.2602509880649061 0.4662627390417452 0.01257272533418181 0.006832196856846906
0 0.2052367714035422 0.5079087375940032 0.011818747334499946 0.009139559553294064
0 0.27822937607413295 0.5334309683635808 0.01490738466740904 0.00616010876750579
0 0.3256214493952699 0.4413312055432993 0.009538632001908987 0.01449914764263518
0 0.6826901567472691 0.5622749824267167 0.018986357336090796 0.02118579528527036
0 0.7917924367440874 0.5337432599293066 0.023573860001590674 0.012810369106587772
0 0.1190640087523597 0.6260466155919312 0.020421588001272674 0.010321069892376045
0 0.3835441320814508 0.5824613196874884 0.01654261000159085 0.012482883374611476
0 0.3723419080601336 0.42586671733012355 0.011037497334499945 0.009103172249740865
0 0.37739303473104246 0.45689839350880596 0.009456816000954493 0.00746789764263518
0 0.3919822460614063 0.4343320347413003 0.007894316000954494 0.0073951230355293164
0 0.39604303739654256 0.4474313482235356 0.007103975334181811 0.006577485731976296
0 0.4382032653962244 0.44312268383167747 0.007876134667409041 0.005832623035529316
0 0.4033288260661788 0.4689788624915593 0.007103975334181811 0.006577485731976296
0 0.3932725734006787 0.47804564743774736 0.007876134667409041 0.005832623035529139
0 0.46603736405949725 0.4168127409037721 0.01334488466740904 0.006087334160399749
0 0.4884396227323151 0.46110639640429 0.007885225334181812 0.006613873035529139
0 0.4012941587364513 0.49565052440221813 0.007894316000954582 0.0073951230355293164
0 0.45419134472467915 0.406421050457066 0.007894316000954405 0.0073951230355293164
0 0.5198163447246792 0.40336451695862 0.010247156667727176 0.008285534946188023
0 0.49252768606776964 0.4765494598865255 0.008675566000954404 0.0074315103390823365
0 0.5203890567313607 0.45258326695862 0.007876134667409218 0.005832623035529316
0 0.5311720153962243 0.438792594708879 0.011028406667727354 0.008321922249741043
0 0.43883052140354223 0.49702893383167746 0.007885225334181812 0.006613873035529317
0 0.480045867401315 0.4786941567433723 0.007885225334181812 0.006613873035529317
0 0.4802094994032241 0.49275665674337227 0.006313634667409041 0.005759848428423453
0 0.3256947220719058 0.5148050928468522 0.008675566000954493 0.0074315103390823365
0 0.4808720233927245 0.4153401321362664 0.006331816000954405 0.007322348428423453
0 0.38751346940640574 0.5205242458661707 0.00943863466740904 0.005905397642635179
0 0.09848404801877186 0.13376922435943683 0.008675566000954493 0.007431510339082248
0 0.14252549669795309 0.22395542266402577 0.00866647533418181 0.006650260339082159
0 0.2011919720321349 0.22747637489755607 0.01021988466740904 0.005941784946188022
0 0.3501385493714073 0.2643127872224997 0.00866647533418181 0.006650260339082159
0 0.389801033378407 0.3140559220448532 0.011010225334181811 0.006759422249741043
0 0.4529368327100435 0.298608550457066 0.01021079400063627 0.0051605349461880225
0 0.445269236035953 0.24424853618904238 0.008675566000954404 0.007431510339082159
0 0.42356750604708876 0.3273350179920773 0.007912497334499946 0.008957623035529317
0 0.4594322807129069 0.31941120202864254 0.007867044000636269 0.005051373035529316
0 0.49794988804899776 0.33794072415454907 0.00866647533418181 0.006650260339082159
0 0.49959420404995225 0.3448991995474432 0.006313634667409041 0.005759848428423453
0 0.5106498827179976 0.3545460272977022 0.006331816000954405 0.007322348428423453
0 0.5087606660566337 0.393717689208361 0.011037497334499945 0.009103172249741043
0 0.5711243060550429 0.3790879549241267 0.010228975334181812 0.006723034946188022
0 0.564320322724361 0.39894669065610305 0.008693747334499947 0.008994010339082249
0 0.6135027100572701 0.3935292905322686 0.007876134667409041 0.005832623035529316
0 0.6114498613939972 0.41863845244292736 0.01021988466740904 0.005941784946188022
0 0.5730327987348606 0.4759265676205738 0.010238066000954404 0.007504284946188022
0 0.6125685607494962 0.5819560897464802 0.012609088001272717 0.009957196856846906
0 0.4002770987428147 0.5425982990093239 0.008693747334499947 0.008994010339082337
0 0.39035720607890545 0.563383833955512 0.007876134667409041 0.005832623035529316
0 0.32872936274663267 0.5740709309361934 0.010238066000954494 0.007504284946188022
0 0.3518577800763601 0.5464168118296054 0.006340906667727175 0.008103598428423453
0 0.35232140408176893 0.5862605618296055 0.01021988466740904 0.005941784946188022
0 0.44504525342135964 0.6280606100103598 0.010228975334181812 0.006723034946188022
0 0.4543929814210414 0.6252802123677248 0.007876134667409041 0.005832623035529316
0 0.5020219594207233 0.6207168368509961 0.00866647533418181 0.006650260339082159
0 0.47444185208463246 0.6016778924753486 0.01412613466740904 0.006123721463952592
0 0.4470344674172234 0.5974826980997012 0.007885225334181812 0.006613873035529139
0 0.4044197060789054 0.5627288624915593 0.00396988466740904 0.005650686517764569
0 0.3670111600890868 0.6395118403656529 0.007113066000954493 0.0073587357319762955
0 0.3434463907542687 0.6296659594722407 0.009456816000954493 0.00746789764263518
0 0.43507936008113257 0.577716007652995 0.007894316000954405 0.0073951230355293164
0 0.5860969674172234 0.5910057580672798 0.010247156667727353 0.008285534946188023
0 0.5498049314130873 0.5622108240307145 0.00866647533418181 0.006650260339082159
0 0.5525668520846324 0.5980391621200558 0.014144316000954404 0.0076862214639527695
0 0.6394855967536323 0.6111876714256808 0.009456816000954405 0.00746789764263518
0 0.5691730967536324 0.6144625287454442 0.009447725334181811 0.00668664764263518
0 0.521462302752996 0.6119946542621729 0.007867044000636269 0.005051373035529316
0 0.5184554814210414 0.6222964534763846 0.006313634667409041 0.005759848428423453
0 0.4924196927514052 0.6016222344936313 0.009474997334499946 0.00903039764263518
0 0.5858969727482235 0.5738182580672799 0.00866647533418181 0.006650260339082337
0 0.6189731020846324 0.5949462413180568 0.006331816000954405 0.007322348428423453
0 0.7060185687459963 0.5518083633201287 0.009456816000954405 0.00746789764263518
0 0.5840072087444055 0.5457660326743857 0.006313634667409041 0.005759848428423453
0 0.5909657334102236 0.5391885469424093 0.0071130660009544044 0.0073587357319762955
0 0.769862892743451 0.5300746044287887 0.010228975334181812 0.006723034946188022
0 0.7888487027370876 0.48228992183996544 0.011019316000954581 0.007540672249741043
0 0.8346975520766783 0.5262732082338956 0.010238066000954404 0.007504284946188022
0 0.7613685927354968 0.47184472746431794 0.00865738466740904 0.005869010339082159
0 0.782943600731997 0.445044632964836 0.008675566000954404 0.0074315103390823365
0 0.7846424607335878 0.4566906083577301 0.007876134667409041 0.005832623035529316
0 0.8862867767345424 0.45899150889584933 0.00942954400063627 0.005124147642635179
0 0.7539015380728603 0.5018961004998472 0.011001134667409217 0.0059781722497408655
0 0.6762037994111783 0.5422535808551401 0.011791475334181812 0.006795809553293885
0 0.6447805294000424 0.4616414356937043 0.010228975334181812 0.006723034946188022
0 0.6196805320655424 0.45421207940739805 0.014952838001272718 0.010066358767505612
0 0.6991145880808144 0.5630733490521052 0.01257272533418181 0.006832196856846906
0 0.7797015167488599 0.5694817067861535 0.011800566000954405 0.007577059553294063
0 0.8452628820814508 0.5609564232877075 0.009474997334499946 0.00903039764263518
0 0.7207537780871778 0.6089658918561761 0.0071130660009544044 0.0073587357319762955
0 0.9286742714035423 0.4742140945039912 0.011001134667409217 0.005978172249741042
0 0.9409020987428146 0.5174182849506973 0.008675566000954404 0.0074315103390823365
0 0.9882043600811325 0.5519537967375217 0.00864829400063627 0.005087760339082337
0 0.8957361440960865 0.6664765231638731 0.011019316000954404 0.007540672249740865
0 0.7357702507558596 0.6231182830886703 0.01257272533418181 0.006832196856846906
0 0.6961992207590412 0.6484115355698699 0.012590906667727175 0.008394696856846906
0 0.6104344434277229 0.6672578889606919 0.01256363466740904 0.006050946856846906
0 0.596335033418178 0.5975639731210918 0.01021079400063627 0.0051605349461880225
0 0.3874605674331318 0.7175084077768296 0.010238066000954494 0.007504284946188022
0 0.3161213694302683 0.6997259024001461 0.011809656667727176 0.008358309553293886