0 0.6654682692950472 0.3014898876345075 0.003978975334181812 0.006363660266556703
0 0.6454653993077739 0.20712612219510135 0.004769316000954404 0.007167642319868062
0 0.6383796053071376 0.21160903371529924 0.0039971566677273525 0.007926160266556704
0 0.6226909706397284 0.21662314264907243 0.0031886346674092183 0.005559678213245434
0 0.6107449539704104 0.23581341184940233 0.00474204400063627 0.004823892319867973
0 0.6502347153087283 0.20023126451496936 0.0039971566677273525 0.007926160266556704
0 0.6377619873090465 0.19752380166198794 0.006304544000636269 0.00486935642649069
0 0.6190665313096829 0.19229073238251576 0.003969884667409218 0.005582410266556703
0 0.5447210593173188 0.13385845526462706 0.007967041335136215 0.013508570533113407
0 0.5721824406429101 0.19170805918383532 0.009484088001272716 0.00964778463973608
0 0.6140341333147736 0.15463160800933634 0.0032159066677273527 0.007903428213245346
0 0.6068028886457737 0.1716145195295343 0.0031977253341818113 0.006340928213245345
0 0.5932670999761374 0.1931030746232415 0.00396079400063627 0.004801160266556703
0 0.5839375533100011 0.18892403998350543 0.003997156667727176 0.007926160266556704
0 0.6097097126432283 0.19045544774277964 0.004751134667409218 0.005605142319868061
0 0.6512159599777283 0.18306649656828072 0.004024428668045488 0.010269910266556704
0 0.6768517593093647 0.19631665432755493 0.003978975334181812 0.006363660266556703
0 0.706366536640683 0.21202422235338586 0.004006247334499946 0.008707410266556703
0 0.6994534653087283 0.20166338387358382 0.003951703333863676 0.004019910266556704
0 0.6905324513049104 0.22953833128715911 0.007149428668045488 0.010360838479802048