0 0.35546875 0.7001499731165826 0.00390625 0.00955693651776457
0 0.5390625 0.5212009894515208 0.003125 0.007176799214211727
0 0.4609375 0.21521850909622792 0.00546875 0.006504711124870522
0 0.44453125 0.16836062572161642 0.00546875 0.008848461124870477
0 0.46953125 0.23280626943531013 0.00390625 0.011119436517764569
0 0.4765625 0.20969625516728652 0.00546875 0.0072859611248705216
0 0.475 0.24165473056018066 0.00390625 0.007213186517764658
0 0.47265625 0.24935806864952187 0.00390625 0.004869436517764658
0 0.49765625 0.2169287123632156 0.0046875 0.00490582382131759
0 0.5265625 0.21515004259467396 0.00390625 0.006431936517764569
0 0.50390625 0.201594810791639 0.00390625 0.008775686517764659
0 0.54765625 0.17472624979060303 0.00390625 0.007213186517764658
0 0.56875 0.1522712069865321 0.0046875 0.00646832382131759
0 0.56015625 0.1292146966474499 0.00390625 0.011119436517764657
0 0.56875 0.1249274569865321 0.0046875 0.00959332382131759
0 0.45 0.12799033684648692 0.01015625 0.011410534946188067
0 0.42734375 0.144122605043452 0.00546875 0.008848461124870522
0 0.6171875 0.15062096980681366 0.0078125 0.009738873035529316
0 0.6296875 0.12542191666366054 0.00546875 0.008848461124870522
0 0.65546875 0.22115394768090718 0.00390625 0.008775686517764659