0 0.47507393550802013 0.8464616995474433 0.006413654160312454 0.007322348428423453
0 0.4410639178405896 0.765323015510878 0.007213087955902786 0.008139985731976296
0 0.5478061867422911 0.6721658668347855 0.004106271751493118 0.008775686517764569
0 0.49101981781993037 0.22842017494033734 0.011264808320624908 0.014571922249741043
0 0.5322981280404164 0.2655177605484792 0.005668771751493118 0.008848461124870432
0 0.5389845391345831 0.24647666212005576 0.00645002175149294 0.008884848428423454
0 0.5100782891345831 0.24782299235151414 0.005650587955902786 0.008067211124870433
0 0.4807356280404164 0.26791932258297246 0.005723323138263936 0.01119221112487052
0 0.5138384155594788 0.28744841853019654 0.004905705547083273 0.00959332382131759
0 0.557134473880104 0.2713846168347855 0.007249455547083272 0.009702485731976296
0 0.5453793562889233 0.27349292638807937 0.004905705547083273 0.00959332382131759
0 0.517037457162604 0.2170631439230907 0.004869337955902786 0.00803082382131759
0 0.5417452100123956 0.29551347560229113 0.0048875217514929405 0.00881207382131759
0 0.5429804016917705 0.30950320099518525 0.004124455547083272 0.00955693651776457
0 0.5340775271667357 0.3231847113342675 0.006486389342673604 0.010447348428423453
0 0.5100951665094093 0.3141564677444083 0.005686955547083272 0.009629711124870433
0 0.5958332979682984 0.28519025165713907 0.006413654160312632 0.007322348428423453
0 0.5870401794271872 0.2606268992997742 0.004887521751493118 0.00881207382131759
0 0.5335333197197913 0.27950748594137337 0.006522756933854268 0.012009848428423453
0 0.621269709062465 0.2652758579434453 0.006450021751493118 0.008884848428423454