0 0.5538742848361515 0.6474758287378212 0.006841534200867016 0.010265344155801336
0 0.5618504687123176 0.29613151704942386 0.0058327710466873125 0.006345457386326192
0 0.48510116900878375 0.6088730247600617 0.005324536831702887 0.011019320616851047
0 0.23579838999900135 0.5476663380700166 0.00509702367752336 0.007113070616851047
0 0.460332013295354 0.136349188314898 0.005188028939195277 0.008675570616851046
0 0.4437514580477996 0.15302817370440142 0.005233531570031147 0.009456820616851002
0 0.46843293963194804 0.15806054708119596 0.006287797355046721 0.014157957386326192
0 0.47527447383281507 0.1477952029253946 0.0050970236775231825 0.0071130706168510026
0 0.47522126592618985 0.1353088396948698 0.003489021046687313 0.006304547077900668
0 0.4562213659685422 0.18012646185384834 0.00711454998588259 0.014952844155801337
0 0.4690930922910189 0.18692588677277047 0.01570829998588259 0.015102848620028198
0 0.4830113791227218 0.17575656169169257 0.005233531570031147 0.009456820616851047
0 0.49642913701522956 0.1731809866106147 0.006841534200867016 0.010265344155801336
0 0.4222327738186976 0.13389239001918135 0.013228042093374803 0.012718188311602718
0 0.44754431598265965 0.19510657954860006 0.0067960315700311465 0.009484094155801337
0 0.4608787738892849 0.207361117698047 0.005233531570031147 0.009456820616851047
0 0.47105043444086336 0.23371906615591947 0.008222023677523182 0.007167617694751627
0 0.48059973968841785 0.2171628116916926 0.005188028939195277 0.008675570616851046
0 0.4243119423333711 0.23219352232442966 0.007577281570031147 0.00949773092527657
0 0.44416171074922267 0.22638385308755038 0.00670502630835923 0.007921594155801338