0 0.48790495024782726 0.3817187321198183 0.012169129353213747 0.00893473079967011
0 0.04401550938379581 0.46661919866721646 0.01697946008590826 0.011414873119538172
0 0.0803204223195231 0.2934257395751587 0.01619821008590825 0.011392141066226814
0 0.45425364653892564 0.45624737067876264 0.011346935775648603 0.008130748746358663
0 0.6277077566702622 0.37686844457708835 0.012087242198083815 0.00737223079967011
0 0.6074848671402834 0.5284680484962967 0.013772572930778538 0.009761444906292738
0 0.2872498530067892 0.37503813776752154 0.013772572930778538 0.009761444906292738
0 0.3854837143813214 0.5474466836900287 0.012128185775648781 0.00815348079967002
0 0.5243017164174864 0.16548832686782658 0.014635710085908115 0.011346676959604141
0 0.29992915818602894 0.1242879800082473 0.01216912935321357 0.00893473079967011
0 0.3880631597679086 0.5966654336900288 0.012169129353213659 0.008934730799670021
0 0.7359396585247132 0.3369444750601894 0.013772572930778538 0.009761444906292827
0 0.3546973818396045 0.49748378760923695 0.01373162935321357 0.008980194906292737
0 0.20954757688750741 0.3256579148854102 0.014553822930778537 0.009784176959604096
0 0.1359307717082677 0.5781811728029691 0.01138787935321366 0.008911998746358663
0 0.9234340937345351 0.5404007810118264 0.012909435775648603 0.008176212852981379
0 0.5877057971501809 0.16599078054960797 0.014594766508343326 0.01056542695960414
0 0.41855516395178005 0.49171350923770707 0.015376016508343327 0.010588159012915455
0 0.29387274649349704 0.5462000839274556 0.01451287935321357 0.009002926959604095
0 0.2917171042499846 0.6245069403539463 0.01216912935321357 0.008934730799670021
0 0.3283097014910227 0.6359612659016246 0.012909435775648782 0.008176212852981379
0 0.7264174101065929 0.8121634354058884 0.012991322930778537 0.00973871285298138
0 0.10556384102100158 0.4914313305622432 0.010524742198083904 0.007326766693047304
0 0.6617695754171693 0.4893313406578802 0.013813516508343327 0.010542694906292737
0 0.09469161804479456 0.5676444895751587 0.014594766508343371 0.010565426959604097
0 0.7108101837394838 0.365061114872775 0.012991322930778537 0.00973871285298138
0 0.8537401486866323 0.7184779683962719 0.012169129353213747 0.008934730799670021
0 0.5756616570543751 0.5184398306287503 0.01134693577564878 0.00813074874635884
0 0.8707539082975707 0.7594523093833564 0.014635710085908471 0.011346676959604096
0 0.4332451057203227 0.44355715406485763 0.012128185775648781 0.00815348079967002
0 0.43219494007106185 0.5429577604913483 0.013731629353213749 0.008980194906292737
0 0.2429620217082677 0.5750668814993153 0.01940509724103805 0.013045569279472247
0 0.664563704770383 0.4978568944979461 0.01060662935321357 0.008889266693047482
0 0.31128489653892555 0.460407336434738 0.013772572930778538 0.009761444906292738
0 0.5863258401164904 0.4531869036691461 0.013772572930778538 0.009761444906292738
0 0.5095840349372507 0.7058010897999504 0.014512879353213748 0.009002926959604095
0 0.32827648122834907 0.7846260864347381 0.014594766508343326 0.010565426959604097
0 0.6101661318396046 0.4900504061764286 0.012169129353213747 0.008934730799670021
0 0.33694331580623094 0.45731342867546376 0.016198210085908292 0.011392141066226814
0 0.2621314235627185 0.5377343660599092 0.013731629353213658 0.008980194906292737
0 0.27874014868663216 0.7352087596334185 0.018582903663473083 0.012241587226160889
0 0.15226069934331607 0.36722930093707207 0.013772572930778538 0.009761444906292738
0 0.3389583536841577 0.8242197838483133 0.012128185775648781 0.00815348079967002
0 0.12047951209732925 0.5371613677092618 0.014594766508343415 0.010565426959604097
0 0.4975001147654342 0.6842443385463091 0.013772572930778538 0.009761444906292738
0 0.5589057677515388 0.24350802678868427 0.015416960085908293 0.011369409012915454
0 0.6631616570543751 0.5158938406578801 0.013772572930778538 0.009761444906292738
0 0.05488881162235944 0.569585074294037 0.015457903663473127 0.012150659012915455
0 0.6920224779489887 0.9023625380714554 0.012128185775648781 0.00815348079967002
0 0.8229560589088261 0.47446955562243265 0.014594766508343326 0.010565426959604097
0 0.38398541214275783 0.44420802342347193 0.013772572930778538 0.009761444906292738
0 0.7562830517842783 0.9341377238065481 0.010524742198083813 0.007326766693047304
0 0.1472909955889859 0.5262094958433648 0.012169129353213659 0.008934730799670021
0 0.2513322851643934 0.28688491989997517 0.012950379353213571 0.00895746285298138
0 0.6787855777920185 0.33626016495191724 0.012950379353213571 0.00895746285298138
0 0.39727106343138174 0.6081341311036039 0.015416960085908293 0.011369409012915454
0 0.6015557717082677 0.56463286902941 0.012128185775648781 0.00815348079967002
0 0.3336589427845954 0.6185919094751339 0.016198210085908292 0.011392141066226814
0 0.22036664744343676 0.4873084687254762 0.016157266508343326 0.010610891066226813
0 0.9068264478729781 0.5221054220780532 0.013813516508343327 0.010542694906292737
0 0.48764043588719036 0.6454091590794224 0.011346935775648603 0.008130748746358663
0 0.7364065637700661 0.8236094007661523 0.015416960085908293 0.011369409012915454
0 0.46344494007106196 0.5420484783588947 0.010565685775648781 0.008108016693047304
0 0.6509848043862702 0.3581950009244368 0.013813516508343327 0.010542694906292737
0 0.984790995588986 0.5018407346936078 0.013772572930778538 0.009761444906292738
0 0.49053198326451397 0.40198576801319563 0.012950379353213571 0.00895746285298138
0 0.2502245658062309 0.45983668659302257 0.013813516508343416 0.010542694906292737
0 0.22526883141006318 0.44647888024567417 0.020104460085908292 0.011505801332783606
0 0.6235957095200814 0.193896820203909 0.015580734396167629 0.014494409012915455
0 0.8369576831736569 0.5624780209826966 0.013772572930778538 0.009761444906292738
0 0.38877464721629407 0.9088388247562555 0.013772572930778538 0.009761444906292738
0 0.12191253731209994 0.5645051177092618 0.010565685775648781 0.008108016693047304
0 0.5269463545886689 0.8430055731069028 0.012251016508343326 0.010497230799670021
0 0.3641443029159322 0.5433729491294349 0.012210072930778536 0.00971598079967002
0 0.868455587402957 0.3722107221571955 0.015416960085908472 0.011369409012915454
0 0.5269828968776098 0.6794742705204782 0.013731629353213749 0.008980194906292737
0 0.34451463986866326 0.06430757475625551 0.012991322930778537 0.009738712852981446
0 0.48122890434084165 0.44842049881286583 0.012950379353213748 0.00895746285298138
0 0.5960062138154946 0.7424085280423256 0.012950379353213748 0.00895746285298138
0 0.7527962036387292 0.8974644379131709 0.014594766508343326 0.010565426959604097
0 0.5933957909301445 0.6478090818823915 0.013772572930778538 0.009761444906292738
0 0.681035231794176 0.5732744316449646 0.014594766508343326 0.010565426959604097
0 0.5937299836031983 0.6243261177757689 0.01138787935321357 0.008911998746358663
0 0.38317202114244087 0.7720746106496328 0.018582903663473083 0.012241587226160889
0 0.27305787822155986 0.4028365288337484 0.014594766508343326 0.010565426959604097
0 0.6673301786511011 0.4461352701247668 0.011387879353213748 0.008911998746358663
0 0.26531065524535286 0.4789587596334185 0.013073210085908293 0.01130121285298138
0 0.4069913014455942 0.7189579708370473 0.01702040366347326 0.01219612311953817
0 0.8025350955435574 0.5924299454350181 0.013772572930778538 0.009761444906292738
0 0.48918856851976444 0.525650588546309 0.011387879353213748 0.008911998746358663
0 0.5132501882620396 0.4920879307870349 0.012128185775648781 0.00815348079967002
0 0.695454015149547 0.818541467538342 0.019364153663473084 0.012264319279472247
0 0.7219932609656755 0.9218339520989357 0.013772572930778538 0.009761444906293094
0 0.6257988551544958 0.6390418356433152 0.012950379353213748 0.00895746285298138
0 0.41266701209732926 0.5286595797708203 0.012210072930778536 0.00971598079967002
0 0.20012831128367514 0.34001593157845766 0.013731629353213658 0.008980194906292737
0 0.5129824361143329 0.2182412538274307 0.01467665366347326 0.012127926959604097
0 0.6078323479184066 0.44551915617642857 0.011387879353213748 0.008911998746358663
0 0.5176798179539375 0.7259090013201482 0.015335072930778538 0.009806909012915454
0 0.8195787533909019 0.4996059479423007 0.012991322930778537 0.00973871285298138
0 0.6883320754171693 0.48855845084529453 0.012991322930778537 0.00973871285298138
0 0.6099171483479479 0.50022938822974 0.012210072930778536 0.00971598079967002
0 0.523751676276252 0.6028890384671668 0.012991322930778537 0.00973871285298138
0 0.5546420708946136 0.3711700255350431 0.013854460085908293 0.011323944906292826
0 0.9986593255307407 0.5662071115740697 0.0026813489385187237 0.009784176959604096
0 0.32360783412359667 0.5163845517950019 0.00591912935321357 0.008752874373179332
0 0.3158805433049937 0.5033078902748039 0.008140048620519025 0.006477320533113407
0 0.27589735244096236 0.576455885260239 0.006536605042954058 0.00565060642649069
0 0.2474757813192061 0.6164049353393815 0.005714411465389269 0.004846624373179509
0 0.3178834565794053 0.5564556223281153 0.005714411465389269 0.004846624373179331