0 0.33984375 0.3578125 0.00703125 0.0078125
0 0.56484375 0.41953125 0.009375 0.00625
0 0.690625 0.7078125 0.0046875 0.0078125
0 0.75390625 0.65390625 0.00625 0.01171875
0 0.72734375 0.646875 0.00703125 0.01015625
0 0.7296875 0.684375 0.01484375 0.01796875
0 0.75078125 0.48984375 0.003125 0.009375
0 0.74765625 0.5 0.003125 0.009375
0 0.71640625 0.38984375 0.00625 0.0109375
0 0.69609375 0.23125 0.00703125 0.00859375
0 0.64765625 0.2546875 0.0125 0.009375
0 0.66171875 0.22890625 0.00546875 0.009375
0 0.6515625 0.2203125 0.00390625 0.00546875
0 0.62421875 0.22578125 0.0046875 0.00625
0 0.590625 0.22265625 0.00625 0.0125
0 0.59296875 0.2421875 0.00546875 0.0078125
0 0.5890625 0.2515625 0.00625 0.00859375
0 0.4890625 0.22265625 0.00546875 0.00859375
0 0.47890625 0.24609375 0.00703125 0.0078125
0 0.4765625 0.25546875 0.00546875 0.0078125