0 0.5934772808396751 0.7172491306058676 0.009593254809323427 0.006468205547083272
0 0.508650902253887 0.7958482157119787 0.005741568511654194 0.007939786569131968
0 0.5093105788480913 0.4564947749825343 0.0049330366604888095 0.007140352773541636
0 0.49114345452347247 0.7423056416237843 0.00649553666048881 0.0071767203647223
0 0.4896776690441101 0.6555505240326038 0.004987600362819577 0.008702852773541636
0 0.5122842675080131 0.29535725323104123 0.005741568511654194 0.007939786569131968
0 0.5538814904661711 0.29986226206475647 0.005687004809323426 0.006377286569131968
0 0.5285268264010206 0.29028789352364537 0.006468254809323426 0.006395470364722211
0 0.5207788137871489 0.31470666527513846 0.004233632213985139 0.009465918977951394
0 0.4963938834799295 0.24334081155166626 0.005768850362819577 0.008721036569131969
0 0.6381076683263197 0.2040756769586453 0.005069445916316084 0.011046602773541636
0 0.6360193786706061 0.23383591214100644 0.006550100362819755 0.008739220364722211
0 0.6026364489963589 0.2854354329425689 0.005687004809323426 0.006377286569131968
0 0.5035144135169964 0.20095328980017318 0.01142857332097762 0.014317073138263936
0 0.5418874658713999 0.47137423936333284 0.00649553666048881 0.0071767203647223
0 0.6527332297512161 0.6900677283454162 0.005796132213985139 0.009502286569131968
0 0.5290824533423462 0.8211748708222217 0.00727678666048881 0.0071949041603126315
0 0.49391379045832196 0.7320766564414232 0.005796132213985139 0.009502286569131968
0 0.36550106986241665 0.570087762349097 0.0048784729581580425 0.0055778527735416365
0 0.4790054868379741 0.2155976712590621 0.0049330366604888095 0.007140352773541636