0 0.540625 0.59375 0.01015625 0.00703125
0 0.4171875 0.63125 0.0109375 0.00703125
0 0.39453125 0.5546875 0.0109375 0.00703125
0 0.13046875 0.36875 0.01015625 0.00703125
0 0.26015625 0.65546875 0.01328125 0.00859375
0 0.26484375 0.3734375 0.01171875 0.00859375
0 0.5328125 0.88125 0.01171875 0.00703125
0 0.35546875 0.646875 0.01171875 0.0078125
0 0.02109375 0.5453125 0.0140625 0.009375
0 0.58046875 0.63359375 0.01015625 0.00703125
0 0.47734375 0.4359375 0.01484375 0.0109375
0 0.49296875 0.46640625 0.0125 0.00859375
0 0.22265625 0.43046875 0.01171875 0.0078125
0 0.54453125 0.51875 0.009375 0.00703125
0 0.22890625 0.33359375 0.0109375 0.00859375
0 0.0953125 0.49375 0.0109375 0.00703125
0 0.14453125 0.63046875 0.015625 0.0109375
0 0.11953125 0.51875 0.01015625 0.0078125
0 0.28984375 0.55859375 0.01171875 0.009375
0 0.509375 0.49296875 0.0125 0.0078125
0 0.32109375 0.4953125 0.01015625 0.00703125
0 0.3046875 0.25546875 0.009375 0.00546875
0 0.2515625 0.69453125 0.0125 0.009375
0 0.30546875 0.55859375 0.009375 0.0078125
0 0.6546875 0.45625 0.009375 0.00625
0 0.70234375 0.63125 0.01015625 0.00703125
0 0.16953125 0.346875 0.0109375 0.0078125
0 0.59453125 0.6171875 0.01015625 0.00703125
0 0.33671875 0.53671875 0.009375 0.0078125
0 0.5953125 0.4796875 0.01015625 0.00625
0 0.5 0.58203125 0.01328125 0.0109375
0 0.4390625 0.58984375 0.01328125 0.009375
0 0.26171875 0.60859375 0.009375 0.00703125
0 0.28125 0.57734375 0.01328125 0.0078125
0 0.3015625 0.38203125 0.01015625 0.00703125
0 0.2453125 0.609375 0.0109375 0.0078125
0 0.39375 0.32109375 0.009375 0.00625
0 0.11796875 0.32265625 0.01015625 0.0078125
0 0.15390625 0.79453125 0.01328125 0.00859375
0 0.44609375 0.38125 0.01328125 0.0078125
0 0.63359375 0.7578125 0.01171875 0.0078125
0 0.65625 0.54375 0.01015625 0.00703125
0 0.0390625 0.290625 0.01484375 0.01015625
0 0.55234375 0.459375 0.01015625 0.00859375
0 0.346875 0.72734375 0.0140625 0.01015625
0 0.55703125 0.371875 0.01171875 0.00859375
0 0.01875 0.49140625 0.01328125 0.009375
0 0.23984375 0.4390625 0.0109375 0.009375
0 0.37890625 0.5078125 0.0109375 0.00859375
0 0.31953125 0.33125 0.01015625 0.00703125
0 0.5109375 0.39375 0.01171875 0.0078125
0 0.31796875 0.1796875 0.01015625 0.00703125
0 0.41328125 0.24453125 0.0109375 0.00703125
0 0.209375 0.659375 0.0125 0.009375
0 0.32421875 0.40390625 0.01171875 0.00703125
0 0.32890625 0.296875 0.01171875 0.00859375
0 0.4546875 0.19140625 0.0109375 0.00703125
0 0.440625 0.61171875 0.01328125 0.0109375
0 0.54296875 0.7421875 0.0140625 0.01015625
0 0.6546875 0.6078125 0.01015625 0.00703125
0 0.17109375 0.78046875 0.0125 0.0078125
0 0.778125 0.60625 0.0109375 0.0078125
0 0.4546875 0.3671875 0.01640625 0.0109375
0 0.140625 0.3421875 0.01015625 0.00625
0 0.03125 0.7421875 0.01953125 0.01328125
0 0.59453125 0.5234375 0.0109375 0.00859375
0 0.34140625 0.60859375 0.0109375 0.00859375
0 0.359375 0.56953125 0.01171875 0.00859375
0 0.028125 0.36953125 0.01171875 0.00859375
0 0.29296875 0.4609375 0.009375 0.0078125
0 0.2625 0.5625 0.0109375 0.01015625
0 0.23828125 0.46953125 0.0140625 0.0109375
0 0.440625 0.465625 0.0109375 0.0078125
0 0.7703125 0.75859375 0.01015625 0.00703125
0 0.51953125 0.6109375 0.01015625 0.00703125
0 0.171875 0.4671875 0.01015625 0.00703125
0 0.27734375 0.46796875 0.01171875 0.0078125
0 0.815625 0.63046875 0.01015625 0.00703125
0 0.4515625 0.86796875 0.0140625 0.009375
0 0.12265625 0.4703125 0.01328125 0.01015625
0 0.39453125 0.2265625 0.01015625 0.00703125
0 0.33828125 0.50859375 0.009375 0.00859375
0 0.16328125 0.73671875 0.015625 0.0125
0 0.353125 0.5890625 0.0109375 0.0078125
0 0.51171875 0.54765625 0.01171875 0.01015625
0 0.56015625 0.61640625 0.00703125 0.00625
0 0.38828125 0.56953125 0.0125 0.0046875
0 0.3609375 0.2421875 0.009375 0.0078125
0 0.8359375 0.35234375 0.01171875 0.00859375
0 0.596875 0.7109375 0.01171875 0.00703125
0 0.59921875 0.65078125 0.01484375 0.0078125
0 0.59765625 0.6390625 0.01328125 0.00546875
0 0.65859375 0.675 0.009375 0.0109375
0 0.6421875 0.5765625 0.01171875 0.0046875
0 0.59375 0.58671875 0.01015625 0.0046875
0 0.73203125 0.67421875 0.01015625 0.00390625
0 0.69765625 0.5953125 0.0125 0.00546875
0 0.2734375 0.52265625 0.01015625 0.00703125
0 0.23828125 0.5015625 0.01328125 0.00859375
0 0.29765625 0.496875 0.01171875 0.00625
0 0.22421875 0.51171875 0.0109375 0.0109375
0 0.24296875 0.56015625 0.00703125 0.00703125
0 0.19375 0.51171875 0.01171875 0.0078125
0 0.14765625 0.4734375 0.00859375 0.0078125
0 0.14609375 0.4453125 0.0140625 0.00625
0 0.18828125 0.4265625 0.0140625 0.00859375
0 0.18203125 0.49765625 0.0109375 0.00703125
0 0.32890625 0.5609375 0.01015625 0.00625
0 0.384375 0.59296875 0.01015625 0.0046875
0 0.384375 0.60390625 0.01171875 0.00546875
0 0.415625 0.578125 0.01171875 0.00625
0 0.47109375 0.36171875 0.01015625 0.0140625