0 0.3795944015625 0.4170415046875 0.3797877609375 0.415447265625 0.3755358078125 0.4110986328125 0.372056640625 0.412982909375 0.37225 0.414142578125 0.376115234375 0.4177666015625 0.3795944015625 0.4170415046875
0 0.3944765625 0.4206655265625 0.38829166718749997 0.4203754875 0.38713216093749997 0.423274903125 0.394669921875 0.42414453124999996 0.3944765625 0.4206655265625
0 0.4375774734375 0.4050102546875 0.43119921874999995 0.404720215625 0.43023307343750006 0.40776464843750004 0.4375774734375 0.4086342765625 0.4375774734375 0.4050102546875
0 0.44453515625 0.42646386718749996 0.43912369843750004 0.42197021562500003 0.43545117187500004 0.4245795890625 0.4352578125 0.4245795890625 0.439896484375 0.4295078125 0.44453515625 0.42646386718749996
0 0.4891822921875 0.4257392578125 0.48608984375000003 0.42428955156250003 0.48087109375 0.42936328125 0.4847369796875 0.4303779296875 0.4891822921875 0.4257392578125
0 0.49865234375 0.41921582031250004 0.4971061203125 0.4153022453125 0.49420703125000004 0.4164619140625 0.49420703125000004 0.42023095625 0.4961399734375 0.4203754875 0.49865234375 0.41921582031250004
0 0.5334420578125 0.43762548749999997 0.5336354171875 0.43994482343749997 0.5436861984375 0.4397998046875 0.5429127609375 0.4364658203125 0.5334420578125 0.43762548749999997
0 0.3252317703125 0.5933613281250001 0.3221087234375 0.5898984375 0.319935546875 0.59132470625 0.32305924531249997 0.594583496875 0.3253678390625 0.5948891609375 0.3252317703125 0.5933613281250001
0 0.32889843750000003 0.5920375984375 0.3257747390625 0.589083984375 0.3233307296875 0.590509765625 0.3252317703125 0.59387060625 0.326861328125 0.59387060625 0.32889843750000003 0.5920375984375
0 0.32591080781250004 0.5969262703125 0.3261822921875 0.5986577140625 0.32930598906249997 0.598962890625 0.3307994796875 0.5971298828125 0.33120703125 0.59417626875 0.3290338546875 0.592546875 0.326318359375 0.5943798828125 0.3278118484375 0.595907715625 0.32591080781250004 0.5969262703125
0 0.32767643281250003 0.596009278125 0.326318359375 0.5944819328125 0.3221087234375 0.594787109375 0.3215651046875 0.5971298828125 0.32604687499999996 0.5969262703125 0.32767643281250003 0.596009278125
0 0.391228515625 0.6121015625 0.3962532546875 0.60914795 0.39598177031250004 0.6076201171875 0.39421614531250004 0.6070087890625 0.3894635421875 0.6097587890625 0.3890559890625 0.611693846875 0.391228515625 0.6121015625
0 0.3938092453125 0.614240234375 0.39842578125 0.6113881828125 0.3978828125 0.6099624015625 0.3962532546875 0.60914795 0.3908216140625 0.6121015625 0.3913645828125 0.6139345703125 0.3938092453125 0.614240234375
0 0.42490625 0.6193325203125 0.41988151093750004 0.6162768562500001 0.41757356718749994 0.6179067375 0.42069661406250003 0.621063965625 0.42395572968749995 0.6211655265625 0.42490625 0.6193325203125
0 0.45260872343749997 0.6257490234375 0.4580403640625 0.62198046875 0.456818359375 0.62065625 0.4553248703125 0.6203510750000001 0.4508430984375 0.6245268546875 0.45260872343749997 0.6257490234375
0 0.5590729171875 0.615869628125 0.5564928390625 0.6179067375 0.5601595046875001 0.62065625 0.5627395828124999 0.618619628125 0.5590729171875 0.615869628125
0 0.5613815109375 0.650701171875 0.5658626296875 0.6480532218749999 0.5635540359375 0.6463217765625 0.5589368484375 0.6482568359374999 0.5588014328125 0.650395996875 0.5613815109375 0.650701171875
0 0.5573072921875 0.6463217765625 0.5529622390625 0.6438774421875 0.5506536453125 0.6458125 0.5540481765624999 0.6484609375 0.5567643234374999 0.6480532218749999 0.5573072921875 0.6463217765625
0 0.6288723953125 0.5967221671875 0.626427734375 0.5952963859375 0.62099609375 0.5984536125 0.6238476562499999 0.600185059375 0.6288723953125 0.5967221671875
0 0.6815611984375 0.5880654296875 0.6792526046875 0.5863339843750001 0.6739563796875 0.589796875 0.6759934890625 0.5920375984375 0.6815611984375 0.5880654296875
0 0.6516861984375 0.6015092765625 0.6512786453125 0.6036479484374999 0.658611328125 0.6036479484374999 0.6588828125 0.6004907234375 0.6516861984375 0.6015092765625
0 0.6561673171875 0.5603627921875 0.6530436203125001 0.56056689375 0.65263671875 0.5650478515625 0.6560312500000001 0.5650478515625 0.6561673171875 0.5603627921875
0 0.6076881515625 0.5643349609375 0.6078235671875001 0.55761328125 0.60402179375 0.557416246875 0.60429296875 0.5636220703125 0.6076881515625 0.5643349609375
0 0.6818326828125 0.453321778125 0.677623046875 0.45423828125 0.68196875 0.45882128906249997 0.6848203125000001 0.45678466875 0.6818326828125 0.453321778125
0 0.6162428390625 0.4523032234375 0.6135273437500001 0.4494516609375 0.6104036453125 0.45148828124999996 0.6128483078125 0.45444189375 0.6154283859375 0.45484912031249997 0.6162428390625 0.4523032234375
0 0.6310449218749999 0.4739965828125 0.6271067703125001 0.471755859375 0.624390625 0.47409863281250003 0.626970703125 0.47705224687500003 0.6300944015625001 0.4763388671875 0.6310449218749999 0.4739965828125
0 0.7428053390625 0.476135253125 0.741990234375 0.478783203125 0.748916015625 0.47939453125 0.7493235671875 0.47664453125 0.7428053390625 0.476135253125
0 0.14554817656250002 0.8312802734375 0.14825520781249998 0.82925 0.1505455734375 0.8265952140625 0.1478385421875 0.8261264640625001 0.1432578125 0.8295625 0.1434661453125 0.8309677734375001 0.14554817656250002 0.8312802734375
0 0.1445071609375 0.8289375 0.1472141921875 0.8256582031249999 0.1451315109375 0.8247211921875 0.142216796875 0.8272197265625 0.1432578125 0.8289375 0.1445071609375 0.8289375
0 0.042001301562499996 0.7708720703124999 0.0402936203125 0.7733046875 0.0437083328125 0.775994140625 0.0464401046875 0.775994140625 0.0464401046875 0.7739453125 0.042001301562499996 0.7708720703124999
0 0.046952473437499996 0.7779145515625 0.0508795578125 0.7740732421875001 0.0478059890625 0.7720244140625 0.045927734375 0.77445751875 0.0457571609375 0.7761220703125 0.046952473437499996 0.7779145515625
0 0.045927734375 0.7763779296875 0.043025390625 0.775865721875 0.0404641921875 0.775994140625 0.0416595046875 0.7779145515625 0.0464401046875 0.7781708984375 0.045927734375 0.7763779296875
0 0.045927734375 0.7808598640625 0.04626953125 0.7785551749999999 0.041830078124999996 0.7777866203125 0.042001301562499996 0.78034765625 0.045927734375 0.7808598640625
0 0.0411471359375 0.7770185546875 0.0384153640625 0.7770185546875 0.0387571609375 0.7802197265624999 0.0423424484375 0.7804755859375 0.0411471359375 0.7770185546875
0 0.0445618484375 0.7818842765625 0.0440501296875 0.780604003125 0.041488932812500004 0.7802197265624999 0.0416595046875 0.7825244140625001 0.0445618484375 0.7818842765625
0 0.0390983078125 0.7836772453124999 0.0411471359375 0.783805175 0.041830078124999996 0.7827807625000001 0.0411471359375 0.780604003125 0.0384153640625 0.7808598640625 0.0390983078125 0.7836772453124999
0 0.037107421875000005 0.742548828125 0.0348098953125 0.742462403125 0.0343502609375 0.7467705078125 0.037796875 0.7459091796874999 0.037107421875000005 0.742548828125
0 0.0381412765625 0.7505615234375 0.0379114578125 0.74651220625 0.0343502609375 0.7466845703125 0.0341204421875 0.7511650390625 0.035728515625 0.7515092765625 0.0381412765625 0.7505615234375
0 0.0328567703125 0.753921875 0.0353841140625 0.7540083015625 0.0384856765625 0.7526293953125001 0.037681640625 0.7508203124999999 0.0353841140625 0.751681640625 0.032741535937499996 0.7515092765625 0.0328567703125 0.753921875
0 0.0330865890625 0.7570239265625001 0.0360735671875 0.7569379890625 0.03837109375 0.7558178703125 0.03837109375 0.7547836921875 0.0369921875 0.7535776375000001 0.036877604687499996 0.7535776375000001 0.0335462234375 0.7551284171875 0.0330865890625 0.7570239265625001
0 0.2218404953125 0.519303221875 0.2163971359375 0.51613720625 0.214064453125 0.5182197265624999 0.217619140625 0.5214692390625 0.2205071609375 0.5207192375 0.2218404953125 0.519303221875
0 0.22128515625 0.5695419921875 0.21928515625 0.5676259765625 0.2128424484375 0.571875 0.2108424484375 0.5728745125 0.21317578125 0.574791015625 0.22128515625 0.5695419921875
0 0.2162858078125 0.568708984375 0.2141751296875 0.5671259765625 0.20862109375000001 0.5705419921875 0.2107317703125 0.5727080078125 0.2162858078125 0.568708984375
0 0.1712955734375 0.562126953125 0.168185546875 0.56379345625 0.17196223906250002 0.5676259765625 0.1755169265625 0.5658759765625 0.1712955734375 0.562126953125
0 0.6420813796875 0.654439940625 0.638416015625 0.6550234374999999 0.6383046875 0.6590224609375 0.6421927078125 0.6595224609375 0.6420813796875 0.654439940625
0 0.8268190109375 0.544630859375 0.8238196609375 0.5445473625 0.8232643234375001 0.5498793953125001 0.8268190109375 0.549962890625 0.8268190109375 0.544630859375
0 0.88787109375 0.633013671875 0.8921627609374999 0.630494628125 0.890296875 0.6282553703125 0.8852584640625001 0.6307744140625 0.8858183593750001 0.6325937500000001 0.88787109375 0.633013671875
0 0.766390625 0.7227246093749999 0.7637779953125 0.7223046875 0.76060546875 0.72636328125 0.7639641921875 0.7274829109375001 0.766390625 0.7227246093749999
0 0.5108235671875 0.8473544921875 0.5089622390625 0.8486113281250001 0.5132434890625001 0.8515434578125 0.5154778640625 0.8493095703125 0.5108235671875 0.8473544921875
0 0.5106373703125 0.850007325 0.5084036453125 0.8487509765624999 0.505052734375 0.8502866203125 0.5082174484374999 0.851822753125 0.510451171875 0.8515434578125 0.5106373703125 0.850007325
0 0.17421875 0.21640625 0.01875 0.00859375
0 0.0125 0.25234375 0.00859375 0.00703125
0 0.05390625 0.27109375 0.00859375 0.00703125
0 0.06015625 0.2921875 0.00859375 0.00546875
0 0.034375 0.3171875 0.00859375 0.00546875
0 0.284375 0.3125 0.01171875 0.01015625
0 0.27421875 0.328125 0.0046875 0.00546875
0 0.31015625 0.33125 0.00859375 0.0046875
0 0.334375 0.34140625 0.00703125 0.00546875
0 0.2890625 0.365625 0.00859375 0.00546875
0 0.30546875 0.37265625 0.009375 0.00546875
0 0.390625 0.25546875 0.0109375 0.00859375
0 0.33828125 0.228125 0.009375 0.00625
0 0.29609375 0.240625 0.00859375 0.00546875
0 0.24765625 0.2828125 0.00859375 0.00625
0 0.265625 0.2984375 0.009375 0.00546875
0 0.38671875 0.29453125 0.0109375 0.009375
0 0.3921875 0.27578125 0.00859375 0.00625
0 0.4203125 0.2890625 0.00546875 0.00546875
0 0.4 0.29921875 0.0046875 0.00546875
0 0.4109375 0.321875 0.0125 0.00703125
0 0.3578125 0.32890625 0.0125 0.00625
0 0.32421875 0.36171875 0.01171875 0.009375
0 0.325 0.37265625 0.0109375 0.00703125
0 0.34296875 0.3765625 0.00859375 0.00546875
0 0.3671875 0.3734375 0.0109375 0.00625
0 0.4421875 0.38671875 0.009375 0.00546875
0 0.4640625 0.35859375 0.01328125 0.00859375
0 0.50078125 0.33515625 0.01171875 0.00859375
0 0.50625 0.36171875 0.01015625 0.00859375
0 0.49453125 0.37890625 0.00859375 0.00859375
0 0.5796875 0.34765625 0.01015625 0.0109375
0 0.55703125 0.26484375 0.009375 0.0078125
0 0.48671875 0.190625 0.01328125 0.01171875
0 0.59296875 0.19140625 0.0171875 0.0109375
0 0.425 0.17578125 0.028125 0.01796875
0 0.525 0.1515625 0.021875 0.01875
0 0.55078125 0.3203125 0.01171875 0.0078125
0 0.628125 0.27109375 0.0078125 0.0109375
0 0.665625 0.2375 0.0109375 0.00703125
0 0.90390625 0.13828125 0.0078125 0.009375
0 0.86015625 0.2296875 0.009375 0.0109375
0 0.8015625 0.2375 0.01640625 0.00546875
0 0.3109375 0.3203125 0.0109375 0.00703125
0 0.26640625 0.3140625 0.0078125 0.00546875
0 0.38671875 0.33984375 0.009375 0.00625
0 0.615625 0.33203125 0.0140625 0.009375
0 0.65 0.31015625 0.00546875 0.00546875
0 0.65390625 0.28046875 0.01171875 0.0078125
0 0.6828125 0.27734375 0.009375 0.0078125
0 0.52265625 0.36328125 0.00703125 0.00625
0 0.53671875 0.39609375 0.00703125 0.00703125
0 0.55625 0.40625 0.015625 0.01015625
0 0.54921875 0.428125 0.009375 0.00546875
0 0.5234375 0.43828125 0.0109375 0.0078125
0 0.440625 0.446875 0.00859375 0.00625
0 0.39296875 0.44765625 0.00859375 0.00625
0 0.38671875 0.484375 0.015625 0.009375
0 0.47265625 0.46328125 0.01171875 0.00859375
0 0.484375 0.4765625 0.009375 0.0078125
0 0.5171875 0.4828125 0.009375 0.009375
0 0.33515625 0.44375 0.0109375 0.00625
0 0.35078125 0.4671875 0.0125 0.00625
0 0.3609375 0.4921875 0.0125 0.0078125
0 0.40703125 0.4890625 0.00859375 0.0078125
0 0.4328125 0.50234375 0.0125 0.0109375
0 0.275 0.4734375 0.0125 0.01015625
0 0.22265625 0.48046875 0.01328125 0.0125
0 0.1109375 0.43828125 0.01328125 0.00859375
0 0.15 0.475 0.01484375 0.00703125
0 0.11953125 0.5 0.01484375 0.009375
0 0.00546875 0.4609375 0.0109375 0.0125
0 0.07734375 0.5171875 0.01328125 0.0078125
0 0.065625 0.56171875 0.01484375 0.01015625
0 0.253125 0.5375 0.009375 0.0109375
0 0.24453125 0.5078125 0.01171875 0.01015625
0 0.1625 0.6 0.01328125 0.009375
0 0.23671875 0.56640625 0.01640625 0.00859375
0 0.23046875 0.5453125 0.01484375 0.00859375
0 0.22734375 0.60625 0.01484375 0.0109375
0 0.23203125 0.58515625 0.0109375 0.00703125
0 0.30078125 0.58359375 0.0109375 0.01328125
0 0.27265625 0.65859375 0.01328125 0.0125
0 0.2875 0.64296875 0.00625 0.00703125
0 0.28515625 0.62890625 0.009375 0.00546875
0 0.309375 0.603125 0.00703125 0.00625
0 0.33125 0.5734375 0.01640625 0.00859375
0 0.38828125 0.625 0.009375 0.01015625
0 0.36796875 0.640625 0.01171875 0.009375
0 0.3125 0.68203125 0.01328125 0.01328125
0 0.49375 0.4359375 0.01640625 0.0140625
0 0.56640625 0.4640625 0.01484375 0.0078125
0 0.51328125 0.50078125 0.01015625 0.00859375
0 0.57265625 0.59765625 0.0125 0.00625
0 0.4234375 0.571875 0.01015625 0.00703125
0 0.5859375 0.56015625 0.009375 0.00703125
0 0.61640625 0.58203125 0.01015625 0.0046875
0 0.60234375 0.58125 0.00625 0.00859375
0 0.565625 0.57421875 0.0046875 0.01015625
0 0.6265625 0.5625 0.00859375 0.00625
0 0.6375 0.5609375 0.0078125 0.00703125
0 0.61875 0.53828125 0.01171875 0.00546875
0 0.63671875 0.5375 0.01171875 0.00859375
0 0.60234375 0.48671875 0.0109375 0.00703125
0 0.56796875 0.5171875 0.0109375 0.00859375
0 0.60546875 0.51328125 0.01015625 0.01015625
0 0.61171875 0.496875 0.0125 0.009375
0 0.52578125 0.5015625 0.01328125 0.0078125
0 0.52734375 0.51484375 0.0109375 0.0046875
0 0.68046875 0.5296875 0.0109375 0.00625
0 0.72890625 0.54609375 0.01328125 0.00625
0 0.72421875 0.5671875 0.0109375 0.00625
0 0.77734375 0.5265625 0.009375 0.0046875
0 0.76953125 0.51328125 0.01171875 0.00703125
0 0.8015625 0.51640625 0.0125 0.00625
0 0.74609375 0.6 0.01484375 0.01015625
0 0.86015625 0.54609375 0.0125 0.00859375
0 0.8578125 0.53203125 0.01171875 0.00859375
0 0.96484375 0.63125 0.00625 0.00859375
0 0.98828125 0.6703125 0.01015625 0.00625
0 0.97265625 0.69296875 0.01171875 0.00859375
0 0.59765625 0.68203125 0.015625 0.009375
0 0.62265625 0.7359375 0.015625 0.00859375
0 0.69296875 0.7140625 0.01796875 0.00859375
0 0.6109375 0.64375 0.01953125 0.01171875
0 0.6640625 0.64609375 0.01640625 0.01171875
0 0.64921875 0.7109375 0.0109375 0.00859375
0 0.50703125 0.64453125 0.0171875 0.01328125
0 0.365625 0.78828125 0.01484375 0.01015625
0 0.38046875 0.8078125 0.0171875 0.0078125
0 0.33984375 0.81796875 0.0109375 0.0078125
0 0.30078125 0.8265625 0.015625 0.00859375
0 0.2515625 0.82421875 0.01015625 0.00859375
0 0.3359375 0.8015625 0.0109375 0.0078125
0 0.334375 0.846875 0.01953125 0.00625
0 0.28203125 0.859375 0.01328125 0.01015625
0 0.25625 0.84296875 0.0125 0.00859375
0 0.19296875 0.87421875 0.015625 0.00703125
0 0.08515625 0.7921875 0.01875 0.0109375
0 0.55234375 0.8171875 0.01640625 0.009375
0 0.48125 0.84765625 0.01171875 0.00859375
0 0.771875 0.434375 0.01171875 0.01015625
0 0.7078125 0.44609375 0.0125 0.00859375
0 0.9109375 0.4390625 0.0140625 0.0078125
0 0.87265625 0.41953125 0.0109375 0.0078125
0 0.93828125 0.42421875 0.0140625 0.00703125
0 0.87109375 0.3765625 0.01328125 0.00859375
0 0.221875 0.49296875 0.0109375 0.00703125
0 0.36640625 0.428125 0.0078125 0.00703125
0 0.58828125 0.42109375 0.01328125 0.00625