0 0.38671875 0.48359375 0.01640625 0.01015625
0 0.43984375 0.425 0.0125 0.00859375
0 0.4859375 0.42734375 0.0109375 0.009375
0 0.4734375 0.46328125 0.0125 0.00703125
0 0.5171875 0.4828125 0.0078125 0.0125
0 0.4328125 0.5015625 0.0109375 0.01015625
0 0.37578125 0.41484375 0.01171875 0.0109375
0 0.4328125 0.40625 0.01484375 0.00859375
0 0.5390625 0.4390625 0.01328125 0.00859375
0 0.58671875 0.56171875 0.01171875 0.01015625
0 0.565625 0.4640625 0.01015625 0.0078125
0 0.61328125 0.45234375 0.0140625 0.0109375
0 0.5875 0.42109375 0.01171875 0.00859375
0 0.55625 0.40625 0.01328125 0.00859375
0 0.44140625 0.44609375 0.009375 0.00625
0 0.39375 0.61171875 0.0125 0.00859375
0 0.32578125 0.59453125 0.0125 0.01171875
0 0.3 0.82578125 0.0171875 0.00625
0 0.146875 0.828125 0.0140625 0.00859375
0 0.28125 0.8578125 0.0109375 0.01171875
0 0.0125 0.25234375 0.0078125 0.00703125
0 0.075 0.2265625 0.00546875 0.00390625
0 0.0921875 0.234375 0.00625 0.0046875
0 0.0546875 0.27109375 0.00546875 0.0078125
0 0.06328125 0.26328125 0.0046875 0.0046875
0 0.0609375 0.290625 0.00859375 0.00859375
0 0.034375 0.31796875 0.01484375 0.00703125
0 0.175 0.21640625 0.02734375 0.009375
0 0.015625 0.35390625 0.00625 0.00390625
0 0.153125 0.1875 0.009375 0.00546875
0 0.21796875 0.18359375 0.009375 0.00703125
0 0.3390625 0.228125 0.0078125 0.00546875
0 0.4234375 0.175 0.0234375 0.01796875
0 0.390625 0.25625 0.01328125 0.009375
0 0.3921875 0.2765625 0.00859375 0.00703125
0 0.3875 0.29453125 0.0078125 0.0078125
0 0.246875 0.2828125 0.009375 0.00625
0 0.26640625 0.2984375 0.0078125 0.00546875
0 0.28515625 0.3125 0.01171875 0.009375
0 0.27421875 0.32890625 0.00859375 0.009375
0 0.3109375 0.33203125 0.0078125 0.0078125
0 0.334375 0.34140625 0.00703125 0.00625
0 0.40078125 0.29921875 0.0078125 0.00546875
0 0.4109375 0.321875 0.00859375 0.0046875
0 0.38671875 0.340625 0.00703125 0.0046875
0 0.35859375 0.3296875 0.00859375 0.0078125
0 0.32421875 0.36171875 0.0109375 0.00546875
0 0.28984375 0.365625 0.00703125 0.00625
0 0.30546875 0.37265625 0.009375 0.0078125
0 0.325 0.37109375 0.01171875 0.00703125
0 0.34140625 0.37578125 0.009375 0.00703125
0 0.36796875 0.371875 0.01015625 0.00546875
0 0.50078125 0.33515625 0.01640625 0.00859375
0 0.4640625 0.35859375 0.0140625 0.01171875
0 0.5921875 0.190625 0.01640625 0.009375
0 0.62890625 0.27109375 0.01171875 0.009375
0 0.66484375 0.23671875 0.0109375 0.0078125
0 0.55703125 0.26484375 0.00859375 0.009375
0 0.6015625 0.27734375 0.009375 0.00703125
0 0.55078125 0.31953125 0.01171875 0.009375
0 0.58046875 0.346875 0.01015625 0.009375
0 0.61484375 0.33203125 0.01015625 0.00703125
0 0.50625 0.36171875 0.01015625 0.00546875
0 0.49453125 0.37890625 0.0078125 0.00703125
0 0.5359375 0.3953125 0.00625 0.00703125
0 0.49609375 0.4171875 0.00703125 0.00625
0 0.55 0.428125 0.00859375 0.00625
0 0.5234375 0.4375 0.01171875 0.00546875
0 0.48515625 0.4765625 0.00859375 0.00703125
0 0.5125 0.49921875 0.0078125 0.00703125
0 0.6015625 0.48671875 0.00625 0.00625
0 0.62734375 0.47421875 0.00859375 0.00625
0 0.60546875 0.51328125 0.0078125 0.00625
0 0.68125 0.45546875 0.0078125 0.00703125
0 0.609375 0.46640625 0.00625 0.00546875
0 0.60546875 0.56015625 0.00546875 0.009375
0 0.6265625 0.5625 0.0078125 0.003125
0 0.63671875 0.5609375 0.00625 0.00625
0 0.65390625 0.5625 0.0078125 0.00703125
0 0.64375 0.56953125 0.00546875 0.00703125
0 0.615625 0.58125 0.01015625 0.0078125
0 0.6015625 0.58125 0.00703125 0.00625
0 0.56796875 0.575 0.01171875 0.00703125
0 0.678125 0.5890625 0.009375 0.00703125
0 0.6546875 0.60234375 0.0125 0.00390625
0 0.625 0.59921875 0.01171875 0.009375
0 0.63671875 0.5375 0.00859375 0.00703125
0 0.68125 0.5296875 0.0125 0.00625
0 0.7296875 0.546875 0.01015625 0.00546875
0 0.76875 0.5140625 0.00859375 0.00390625
0 0.61796875 0.53828125 0.01171875 0.0046875
0 0.5671875 0.5171875 0.01015625 0.00703125
0 0.74609375 0.6 0.01328125 0.009375
0 0.82734375 0.546875 0.01328125 0.0078125
0 0.6546875 0.28046875 0.01015625 0.00703125
0 0.6828125 0.27734375 0.01171875 0.00625
0 0.65 0.309375 0.00859375 0.00703125
0 0.92109375 0.36328125 0.01171875 0.00703125
0 0.8703125 0.37734375 0.00625 0.0078125
0 0.87109375 0.41171875 0.01171875 0.0078125
0 0.87265625 0.41875 0.015625 0.00625
0 0.9390625 0.425 0.0078125 0.00703125
0 0.80078125 0.51640625 0.009375 0.00546875
0 0.77734375 0.52734375 0.01015625 0.00546875
0 0.7515625 0.55390625 0.0078125 0.00703125
0 0.7234375 0.5671875 0.0078125 0.0046875
0 0.7 0.5390625 0.00859375 0.00546875
0 0.696875 0.5984375 0.00625 0.00625
0 0.66328125 0.6453125 0.01015625 0.0046875
0 0.64375 0.646875 0.01015625 0.0046875
0 0.640625 0.65703125 0.0078125 0.0046875
0 0.5625 0.64921875 0.00703125 0.00546875
0 0.56015625 0.61875 0.00859375 0.00546875
0 0.571875 0.59765625 0.009375 0.0046875
0 0.56875 0.60703125 0.0078125 0.00390625
0 0.53203125 0.62421875 0.0078125 0.0046875
0 0.50546875 0.64453125 0.009375 0.00625
0 0.4890625 0.646875 0.00703125 0.0046875
0 0.4859375 0.63515625 0.00859375 0.0046875
0 0.4390625 0.64140625 0.00703125 0.0078125
0 0.3671875 0.64140625 0.0078125 0.00859375
0 0.42109375 0.61875 0.00859375 0.0078125
0 0.42109375 0.6 0.00859375 0.00546875
0 0.45703125 0.5875 0.01015625 0.0078125
0 0.3015625 0.58359375 0.01171875 0.00703125
0 0.30859375 0.5953125 0.009375 0.0078125
0 0.31015625 0.60234375 0.01171875 0.0046875
0 0.2359375 0.565625 0.01015625 0.00546875
0 0.21484375 0.5703125 0.0140625 0.00859375
0 0.22890625 0.60546875 0.00859375 0.00703125
0 0.33125 0.57265625 0.0125 0.00703125
0 0.2875 0.64140625 0.01015625 0.00546875
0 0.2859375 0.62890625 0.009375 0.00625
0 0.27265625 0.6578125 0.01015625 0.00703125
0 0.3875 0.6234375 0.0078125 0.00859375
0 0.42265625 0.571875 0.00625 0.00703125
0 0.34765625 0.64140625 0.00625 0.0046875
0 0.3984375 0.6953125 0.00859375 0.00546875
0 0.26875 0.72890625 0.01015625 0.009375
0 0.265625 0.69453125 0.00625 0.00546875
0 0.2515625 0.82421875 0.00703125 0.00703125
0 0.2546875 0.8421875 0.01171875 0.00546875
0 0.33359375 0.846875 0.00859375 0.00625
0 0.33984375 0.81796875 0.00859375 0.0078125
0 0.36484375 0.78828125 0.00859375 0.00703125
0 0.30390625 0.896875 0.0109375 0.0046875
0 0.19296875 0.8734375 0.01171875 0.00625
0 0.1015625 0.83984375 0.0078125 0.00546875
0 0.10546875 0.8609375 0.00859375 0.00390625
0 0.109375 0.7921875 0.0078125 0.00703125