0 0.5440793364502546 0.6000407414067238 0.010197156615858205 0.007149428668045488
0 0.4208600050681655 0.6361044160566338 0.010978406615858204 0.007158519334818081
0 0.3977583274732643 0.5592782867202247 0.010978406615858204 0.007158519334818081
0 0.1326140747427898 0.37026814135104463 0.010197156615858294 0.007149428668045399
0 0.2639696556338996 0.6584959420353165 0.013331246974937904 0.008748291335136216
0 0.26701634582002864 0.3765192360359529 0.011768746974937905 0.008730110001590852
0 0.5379394625209043 0.8874498347389966 0.011759656615858205 0.007167610001590674
0 0.35923215865896174 0.6510112533815887 0.011764201795398055 0.007948860001590851
0 0.024266285318786586 0.5455579480028635 0.01411704215447771 0.009538632001908987
0 0.5841548906067849 0.6403481154121327 0.010197156615858205 0.007149428668045488
0 0.4798799601832133 0.4414918973981334 0.014907382513557365 0.011110222668681757
0 0.49568222218526586 0.47214246073358784 0.012549996974937905 0.008739200668363622
0 0.22516064392643464 0.4330595900302259 0.011764201795398143 0.007948860001590851
0 0.5475492492144332 0.5250861947405875 0.009415906615858205 0.007140338001272717
0 0.2308470416634984 0.3362573153644076 0.010987496974937904 0.008721019334818081
0 0.0981850534691592 0.49485906134627217 0.010978406615858294 0.007158519334818081
0 0.14819920988862575 0.6321505233529537 0.015688632513557323 0.01111931333545435
0 0.12254924921443308 0.5201408720162265 0.010201701795398099 0.007930678668045487
0 0.2930935533709634 0.56196638737268 0.011773292154477666 0.009511360001590852
0 0.5122430082896194 0.49889586473581493 0.012545451795397965 0.007957950668363623
0 0.3239753938282388 0.4990487640435889 0.010197156615858294 0.007149428668045488
0 0.3061737737095175 0.2590141100413617 0.009406816256778684 0.005577838001272717
0 0.25560316461089005 0.6974584447008165 0.012554542154477665 0.009520450668363623
0 0.3087185533709634 0.5621482007081344 0.009420451795398143 0.007921588001272717
0 0.6573418848512483 0.46386797875554137 0.009411361436318443 0.006359088001272717
0 0.7060162550681655 0.6394225094286774 0.010197156615858205 0.007149428668045488
0 0.17154930971567514 0.3488476746896808 0.010982951795398054 0.00793976933481808
0 0.598121941836449 0.6241054974140419 0.010197156615858205 0.007149428668045488
0 0.33984128834384875 0.5406368273790434 0.009420451795398143 0.007921588001272717
0 0.5981032402374427 0.4866145880808144 0.010192611436318444 0.006368178668045487
0 0.5033861587571576 0.5878492767345423 0.013344882513557366 0.011092041335136216
0 0.44249411055255566 0.59495270472627 0.013335792154477666 0.009529541335136216
0 0.2652594448615111 0.6116391233688621 0.009415906615858293 0.007140338001272539
0 0.28460888767991877 0.5806163900381801 0.013326701795398143 0.007967041335136215
0 0.3037850927949665 0.38554024737427084 0.010197156615858294 0.007149428668045399
0 0.24885774004105093 0.6122294693666348 0.010982951795398144 0.00793976933481808
0 0.3956180687908614 0.32567544605345206 0.009411361436318443 0.006359088001272717
0 0.11984590914994106 0.32402894068268107 0.010201701795398099 0.007930678668045399
0 0.1585286975919856 0.7963221113542263 0.013331246974937904 0.008748291335136216
0 0.44831179761542667 0.3864407707272245 0.013326701795397966 0.007967041335136215
0 0.6380025741536146 0.7651850307526779 0.011764201795398143 0.007948860001590851
0 0.6594134449597069 0.5513861600890868 0.010197156615858205 0.00714942866804531
0 0.040753306788808896 0.2910795333386361 0.014902837334017515 0.010328972668681758
0 0.5550163155694076 0.4658021014083147 0.010206246974937905 0.008711928668045488
0 0.35110656215156205 0.7313800060470887 0.014121587334017516 0.010319882001908986
0 0.559194755460949 0.37835664540895103 0.011768746974937905 0.008730110001590852
0 0.021608917930539772 0.49162442600254536 0.013335792154477711 0.009529541335136216
0 0.24239814090137254 0.4418533346992257 0.010992042154477666 0.00950226933481808
0 0.38186061670087573 0.5122214733847704 0.010987496974937904 0.008721019334818081
0 0.32145840612487897 0.33496808271004347 0.010197156615858294 0.007149428668045399
0 0.5132282704880636 0.3996952960693604 0.011764201795398143 0.007948860001590851
0 0.31901414129415606 0.183387401376498 0.010197156615858205 0.007149428668045399
0 0.41470389119596013 0.24934021272277018 0.010978406615858204 0.007158519334818081
0 0.21321113153159868 0.6618112986950896 0.012554542154477665 0.009520450668363623
0 0.3265686078220812 0.4076788767106798 0.011759656615858293 0.007167610001590852
0 0.3306334182251274 0.3007021707113161 0.011768746974937905 0.008730110001590852
0 0.4558010689872532 0.19669701806172443 0.010978406615858204 0.007158519334818125
0 0.4441838755796703 0.6168458860598154 0.013344882513557366 0.011092041335136216
0 0.5472866705628185 0.7485055134070421 0.014121587334017605 0.010319882001908986
0 0.6582236496819712 0.6154304787555415 0.010197156615858205 0.007149428668045488
0 0.17563438436026907 0.7824596060232262 0.012545451795398099 0.007957950668363623
0 0.7816520593228917 0.6153043041056315 0.010982951795397966 0.00793976933481808
0 0.45682373438371016 0.37247826806172446 0.016469882513557365 0.011128404002227121
0 0.14261578863843627 0.34382382001909007 0.010192611436318444 0.006368178668045399
0 0.03556792056281842 0.7425511266709088 0.01960851805217676 0.013508516669318026
0 0.5975765202916719 0.5303554974140418 0.010987496974937904 0.008721019334818081
0 0.3449469448615111 0.6125663713796797 0.010987496974937904 0.008721019334818081
0 0.36268843588452065 0.5737129567154523 0.011768746974937905 0.008730110001590852
0 0.030274869922329594 0.36985851400381803 0.011768746974937905 0.008730110001590852
0 0.2956504059284872 0.46434650003977096 0.009420451795398143 0.00792158800127254
0 0.2657725292686624 0.5655544640356347 0.010996587334017515 0.010283519334818081
0 0.24101290290342509 0.47230390336568034 0.014126132513557366 0.011101132001908987
0 0.44333392700572605 0.47075213605981536 0.010982951795397966 0.00793976933481808
0 0.7747258693331543 0.7675571474379043 0.010197156615858205 0.007149428668045488
0 0.5230855804001304 0.6169827934038604 0.010197156615858205 0.007149428668045488
0 0.1745930173648057 0.4691874466899989 0.010197156615858294 0.007149428668045488
0 0.2800663125443455 0.4711959367043164 0.011764201795398143 0.007948860001590674
0 0.8192929598886257 0.6399594061107221 0.010197156615858205 0.007149428668045488
0 0.4566121944687277 0.8732231553946335 0.014117042154477843 0.009538632001908808
0 0.12539244808296493 0.47173973468331737 0.013340337334017516 0.010310791335136215
0 0.3958493520665446 0.23115328672022478 0.010197156615858205 0.007149428668045399
0 0.34124016188041556 0.5125300087125888 0.009424996974937904 0.008702838001272717
0 0.16756735430603978 0.738618699355499 0.015697722872636977 0.01268181333545435
0 0.3565520653730159 0.5931714813812705 0.010982951795398144 0.00793976933481808
0 0.5149049208574061 0.5536106367361332 0.011777837334017605 0.010292610001590851
0 0.5637423966569092 0.622924258076042 0.007067611436318444 0.006331816000954405
0 0.3915946858845206 0.574049311386043 0.012527271077238921 0.004832950668363622
0 0.3623465056573408 0.24638738804899774 0.009420451795398143 0.007921588001272717
0 0.8379873759724539 0.36207076344681294 0.011768746974937728 0.008730110001590852
0 0.6010111133812261 0.7178827694143599 0.011759656615858205 0.007167610001590674
0 0.6030048845566608 0.657753791414678 0.014889201795398144 0.007985222668681758
0 0.6013742068635637 0.6460168600811327 0.013313066256778684 0.0056232913351362155
0 0.6625207851223949 0.6826634320894049 0.009438632513557366 0.011046588001272539
0 0.6455418425003789 0.5840350280871778 0.011746021077238922 0.004823860001590852
0 0.5971634298343964 0.593627656747269 0.010183521077238921 0.004805678668045488
0 0.7359537399428551 0.682736704766041 0.010178975897699161 0.004024428668045488
0 0.7011196768093344 0.6034304654280411 0.012531816256778683 0.005614200668363623
0 0.27647822511213216 0.525837983370453 0.010197156615858294 0.007149428668045488
0 0.2411992552645573 0.5043351533656804 0.013331246974937904 0.008748291335136216
0 0.3005469841873184 0.5003385440404072 0.011755111436318444 0.006386360001590851
0 0.22719584259857478 0.5143277713637714 0.011001132513557365 0.011064769334818082
0 0.24622764373004297 0.5629834473663167 0.007072156615858205 0.0071130660009544044
0 0.19672709259857482 0.5139732353596351 0.011764201795398055 0.007948860001590851
0 0.15041062880112416 0.4751556360200445 0.008639201795398099 0.007912497334499946
0 0.14868450233769104 0.4470124546864991 0.014098861436318444 0.006413632001908987
0 0.19076291802873563 0.42875335069222614 0.014112496974937905 0.008757382001908986
0 0.18492652936685822 0.4997743753580443 0.010978406615858294 0.007158519334818081
0 0.33216968890958276 0.5647646707113161 0.010192611436318444 0.006368178668045487
0 0.3878247912707149 0.5974413580521795 0.010183521077238921 0.004805678668045488
0 0.38788842378427224 0.6083788580521794 0.011750566256778682 0.0056051100015908515
0 0.4189884328594585 0.5829612347230884 0.011755111436318444 0.006386360001590851
0 0.4731981681269315 0.3672004220639516 0.010238063231716587 0.01418067866804531