0 0.35546875 0.68359375 0.00390625 0.009375
0 0.5390625 0.49609375 0.003125 0.00703125
0 0.4609375 0.19375 0.00546875 0.00625
0 0.44453125 0.14765625 0.00546875 0.00859375
0 0.46953125 0.2109375 0.00390625 0.0109375
0 0.4765625 0.1875 0.00546875 0.00703125
0 0.475 0.21953125 0.00390625 0.00703125
0 0.47265625 0.22734375 0.00390625 0.0046875
0 0.49765625 0.19375 0.0046875 0.0046875
0 0.5265625 0.190625 0.00390625 0.00625
0 0.50390625 0.178125 0.00390625 0.00859375
0 0.54765625 0.14921875 0.00390625 0.00703125
0 0.56875 0.12578125 0.0046875 0.00625
0 0.56015625 0.103125 0.00390625 0.0109375
0 0.56875 0.0984375 0.0046875 0.009375
0 0.45 0.10703125 0.01015625 0.0109375
0 0.42734375 0.12421875 0.00546875 0.00859375
0 0.6171875 0.121875 0.0078125 0.009375
0 0.6296875 0.09609375 0.00546875 0.00859375
0 0.65546875 0.190625 0.00390625 0.00859375