0 0.3236298593911874 0.6918673769935767 0.0043428976426351795 0.009465918977951304
0 0.5159565622438903 0.508640568957292 0.003452485731976296 0.007103985182360972
0 0.4519134487188737 0.2044784393982643 0.005759848428423453 0.006377286569131968
0 0.4376540496284965 0.15800282969086843 0.005869010339082337 0.008721036569131969
0 0.45970667804070925 0.22186596114975732 0.004415672249741043 0.011028418977951393
0 0.46782954714729713 0.19859211531006984 0.005796235731976296 0.007158536569131924
0 0.464775167701627 0.2305869977188893 0.004233735731976296 0.007122168977951393
0 0.4620675446660977 0.23834494633211847 0.004124573821317412 0.004778418977951393
0 0.48863219871887364 0.2053330777910074 0.00490582382131759 0.004796602773541636
0 0.5176839979330854 0.20288087822784767 0.004197348428423453 0.006340918977951393
0 0.4956099447899323 0.18985354815572958 0.004306510339082336 0.008684668977951393
0 0.5407062750213907 0.1619655907087852 0.004233735731976296 0.007122168977951393
0 0.5628916441279784 0.13901905318972269 0.004978598428423453 0.0063591027735416805
0 0.5553531259310134 0.11616278143822964 0.004415672249740865 0.011028418977951393
0 0.5641651997523309 0.1116753031897227 0.005124147642635179 0.00948410277354168
0 0.4450149394132488 0.11750511626000038 0.010665672249740864 0.011173889342673604
0 0.42155816873508434 0.1341652861878823 0.005869010339082337 0.008721036569131969
0 0.6115110806457431 0.13624019851631997 0.00824914764263518 0.009556837955902786
0 0.6252118616629898 0.11074988924576443 0.005869010339082159 0.008721036569131969
0 0.6465902479330854 0.2058812045002436 0.004306510339082159 0.008684668977951393