0 0.56640625 0.4640625 0.0125 0.00703125
0 0.53984375 0.4390625 0.015625 0.0078125
0 0.47421875 0.46328125 0.0125 0.00859375
0 0.60234375 0.48671875 0.009375 0.00625
0 0.5171875 0.4828125 0.00859375 0.00625
0 0.6125 0.45234375 0.00859375 0.0046875
0 0.68125 0.45625 0.015625 0.00703125
0 0.62734375 0.47421875 0.0109375 0.00546875
0 0.6046875 0.5140625 0.01328125 0.00859375
0 0.5125 0.5 0.01484375 0.00546875
0 0.5859375 0.5609375 0.00859375 0.00859375
0 0.61796875 0.5390625 0.0125 0.00703125
0 0.60625 0.56015625 0.01015625 0.009375
0 0.615625 0.58125 0.00859375 0.00625
0 0.67734375 0.5890625 0.009375 0.0078125
0 0.6546875 0.5625 0.01015625 0.009375
0 0.68046875 0.53046875 0.01171875 0.00625
0 0.4671875 0.89375 0.0234375 0.009375
0 0.1734375 0.82421875 0.0140625 0.00390625
0 0.0859375 0.79296875 0.01796875 0.0109375
0 0.90546875 0.13828125 0.0109375 0.00859375
0 0.9359375 0.2265625 0.0140625 0.00703125
0 0.8609375 0.23046875 0.0140625 0.00703125
0 0.80078125 0.2375 0.0078125 0.00546875
0 0.6640625 0.23671875 0.0109375 0.01171875
0 0.59296875 0.1921875 0.01484375 0.015625
0 0.62890625 0.2703125 0.0125 0.0109375
0 0.42265625 0.17578125 0.02421875 0.01796875
0 0.3921875 0.25546875 0.01640625 0.0109375
0 0.5015625 0.334375 0.01484375 0.01015625
0 0.61484375 0.33125 0.0125 0.009375
0 0.4640625 0.35859375 0.009375 0.0109375
0 0.33515625 0.34140625 0.01171875 0.0078125
0 0.30625 0.37265625 0.0125 0.0078125
0 0.28515625 0.31171875 0.01015625 0.00859375
0 0.3765625 0.41328125 0.01328125 0.009375
0 0.31015625 0.33203125 0.0125 0.01015625
0 0.38671875 0.29453125 0.0109375 0.00859375
0 0.43515625 0.40625 0.015625 0.00625
0 0.325 0.37109375 0.009375 0.00703125
0 0.43984375 0.42421875 0.01640625 0.009375
0 0.58125 0.346875 0.0125 0.00859375
0 0.55 0.31953125 0.0125 0.01015625
0 0.3921875 0.27578125 0.01640625 0.00859375
0 0.325 0.36171875 0.0125 0.00703125
0 0.3671875 0.37265625 0.01171875 0.00703125
0 0.34296875 0.37578125 0.009375 0.0078125
0 0.39140625 0.421875 0.01484375 0.0109375
0 0.4953125 0.378125 0.009375 0.00703125
0 0.40078125 0.3 0.009375 0.00703125
0 0.27421875 0.328125 0.01328125 0.009375
0 0.55625 0.26484375 0.01875 0.0109375
0 0.50703125 0.36171875 0.0109375 0.0078125
0 0.484375 0.428125 0.01796875 0.009375
0 0.3859375 0.484375 0.015625 0.009375
0 0.43359375 0.5015625 0.0109375 0.0078125
0 0.5671875 0.51796875 0.009375 0.0078125
0 0.55546875 0.40625 0.01328125 0.00859375
0 0.53828125 0.3953125 0.00703125 0.01015625
0 0.3515625 0.4671875 0.0109375 0.0078125
0 0.48515625 0.47734375 0.0125 0.00859375
0 0.33515625 0.44375 0.01171875 0.00703125
0 0.275 0.4734375 0.0125 0.00703125
0 0.62421875 0.5984375 0.01484375 0.01015625
0 0.58671875 0.4203125 0.0125 0.00703125
0 0.49453125 0.4171875 0.0125 0.0078125
0 0.54921875 0.42734375 0.01015625 0.00703125
0 0.49375 0.43515625 0.0078125 0.00625
0 0.44140625 0.44609375 0.0078125 0.00546875
0 0.528125 0.5140625 0.0109375 0.0046875
0 0.6328125 0.44140625 0.0078125 0.00546875
0 0.77109375 0.434375 0.01015625 0.0078125
0 0.6359375 0.5375 0.00625 0.0078125
0 0.6375 0.5609375 0.009375 0.00546875
0 0.45625 0.5875 0.0140625 0.0078125
0 0.39375 0.61015625 0.01484375 0.00859375
0 0.7453125 0.47734375 0.0125 0.009375
0 0.828125 0.546875 0.01171875 0.0078125
0 0.32734375 0.59453125 0.01796875 0.01328125
0 0.2140625 0.56953125 0.01328125 0.009375
0 0.17109375 0.56484375 0.0140625 0.00859375
0 0.16171875 0.6 0.0109375 0.01015625
0 0.065625 0.5609375 0.00859375 0.00859375
0 0.1203125 0.5 0.01796875 0.00625
0 0.2171875 0.51875 0.0125 0.009375
0 0.24453125 0.5078125 0.00859375 0.00703125
0 0.30078125 0.584375 0.0140625 0.00703125
0 0.2734375 0.6578125 0.01171875 0.0078125
0 0.25234375 0.53671875 0.0125 0.00703125
0 0.2359375 0.565625 0.0125 0.00703125
0 0.33125 0.5734375 0.01484375 0.00625
0 0.30859375 0.5953125 0.0109375 0.0078125
0 0.309375 0.6015625 0.01484375 0.00546875
0 0.4234375 0.571875 0.0125 0.00703125
0 0.42109375 0.61796875 0.01015625 0.01015625
0 0.28125 0.85859375 0.01015625 0.009375
0 0.10078125 0.8390625 0.009375 0.00859375
0 0.14609375 0.828125 0.01484375 0.01015625
0 0.30078125 0.825 0.0140625 0.0078125
0 0.36484375 0.78828125 0.01484375 0.00703125