0 0.4085845493547966 0.5311325477785697 0.013631418479069169 0.009367294724210672
0 0.2971695468833387 0.5493126713572709 0.01044275148287479 0.007622784200867016
0 0.22180213235860222 0.5435701765483556 0.01122400148287479 0.007668286831702886
0 0.17284063931586552 0.11931290016940921 0.014444501977166357 0.010194047355046632
0 0.27237513532435176 0.5265955081748566 0.01122400148287479 0.007668286831702886
0 0.21229318669349578 0.6812976897025352 0.01125583498097198 0.008449536831702886
0 0.32370021338524146 0.5485468319088496 0.012037084980971979 0.008495039462538757
0 0.14937662300424312 0.1978397185711432 0.012850168479069168 0.009321792093374803
0 0.33066377368881517 0.26288234769386504 0.01125583498097189 0.008449536831702974
0 0.3053560730807928 0.4249119108339272 0.01044275148287479 0.007622784200867016
0 0.30767862395564527 0.5783176318947321 0.013631418479069169 0.009367294724210851
0 0.06880978353746584 0.6257441816688531 0.011255834980971957 0.008449536831702886
0 0.6810723615983555 0.6150246164626523 0.014444501977166268 0.01019404735504672
0 0.04461489125585081 0.5118027790097823 0.012882001977166357 0.010103042093374804
0 0.6701322030051182 0.5774714085560271 0.009629667984777513 0.0067960315700311465
0 0.567901199545077 0.5997930005646973 0.011255834980972068 0.008449536831702886
0 0.6457741205327852 0.18061879535949524 0.009629667984777513 0.006796031570031058
0 0.21744755479200412 0.5165449449642071 0.01122400148287479 0.007668286831702886
0 0.5351430962753164 0.6960078479056266 0.012068918479069168 0.009276289462538756
0 0.18616974399413885 0.8059637607351051 0.010410917984777557 0.006841534200867016
0 0.5867055962753164 0.6930046742704555 0.01044275148287479 0.007622784200867016
0 0.4746445839552077 0.36361184783503936 0.011255834980972068 0.008449536831702886
0 0.46269638779580974 0.5038196188817268 0.012850168479069168 0.009321792093374803
0 0.2338909554765761 0.5911886291933091 0.01281833498097198 0.008540542093374803
0 0.47512610912689757 0.6387105583725006 0.012882001977166269 0.010103042093374804
0 0.5317793102292115 0.4725171399990014 0.015257585475263546 0.01102079998588259
0 0.017150418936179697 0.3824638895048912 0.012068918479069157 0.009276289462538844
0 0.1272973986702246 0.4719142554028462 0.012037084980971979 0.008495039462538934
0 0.4293466714076376 0.34676525305435896 0.00969333498097189 0.008358531570031146
0 0.36678170992520037 0.5624049345820378 0.00966150148287479 0.007577281570031147
0 0.2888808388981236 0.3510494766048254 0.012037084980971979 0.008495039462538934
0 0.5005677554000265 0.3394995136482898 0.010442751482874612 0.007622784200867016
0 0.3843684579480341 0.5707333740728114 0.01047458498097189 0.008404034200867017
0 0.24972822521105856 0.8911130344832158 0.016070668973360736 0.01184755261671846
0 0.524580986579765 0.821326366321478 0.010410917984777512 0.006841534200867016
0 0.5256672785945499 0.6225171399990014 0.01366325197716627 0.01014854472421085
0 0.2744867805717163 0.627793987128169 0.012068918479069168 0.009276289462538756
0 0.29809939962162674 0.8516641266330602 0.009629667984777601 0.0067960315700311465
0 0.6482227109137836 0.5413364874811049 0.009629667984777513 0.0067960315700311465
0 0.24965651281440024 0.3190406134082934 0.012882001977166269 0.010103042093374804
0 0.08382865258737626 0.8501148501129394 0.011255834980971957 0.008449536831702886
0 0.41830576475438547 0.6942394925310152 0.012068918479069168 0.009276289462538756
0 0.3802419624338394 0.15555569510538142 0.012850168479069168 0.009321792093374803
0 0.6246167035365908 0.1834098663920652 0.01044275148287479 0.007622784200867016
0 0.5643557523970959 0.7441877426721896 0.01044275148287479 0.007622784200867016
0 0.6143835631949611 0.45367686376122923 0.012068918479069168 0.009276289462538756
0 0.21204110768120393 0.2666737475809256 0.012882001977166357 0.010103042093374804
0 0.4295204959713052 0.7824374425451326 0.013726918973360824 0.011711044724210851
0 0.29584310471545444 0.27582196345064575 0.00966150148287479 0.007577281570031147
0 0.43038129490617233 0.550906721484328 0.00966150148287479 0.007577281570031147
0 0.6823204796968639 0.45049938487850383 0.012037084980972067 0.008495039462538934
0 0.848664426807664 0.6909970403095849 0.010410917984777512 0.006841534200867016
0 0.45584952711167526 0.6335981241433986 0.010474584980972068 0.008404034200867017
0 0.656182449545077 0.5946512032802379 0.011255834980972068 0.008449536831702886
0 0.22622705821486414 0.8940406134082934 0.01044275148287479 0.007622784200867016
0 0.03027781863216853 0.46197708425733675 0.012850168479069146 0.009321792093374803
0 0.8245875982524827 0.6697968744963345 0.008848417984777512 0.0067505289391952775
0 0.27793802171164883 0.275306023959872 0.01122400148287479 0.007668286831702886
0 0.6161569688224489 0.5057931006070497 0.01366325197716627 0.01014854472421085
0 0.5258861600017501 0.7892951163214781 0.011287668479069169 0.009230786831702887
0 0.744014077492236 0.7726936323182552 0.013695085475263546 0.01092979472421085
0 0.7805165350575216 0.1829030902248803 0.012850168479069168 0.009321792093374803
0 0.7023742890118544 0.16874885593930866 0.012068918479069168 0.009276289462538844
0 0.2306186472245309 0.07853671074922264 0.016102502471457926 0.012628802616718504
0 0.40189944513363385 0.23613086091863184 0.00969333498097189 0.008358531570031058
0 0.3974957880232711 0.19118238196531925 0.011287668479069169 0.009230786831702975
0 0.3765545938410395 0.3225611845820377 0.011287668479069169 0.009230786831702887
0 0.1804316689361797 0.3729538396601829 0.012882001977166357 0.010103042093374804
0 0.47291494068500955 0.25303836888172676 0.00966150148287479 0.007577281570031147
0 0.5491405651721275 0.4481240847514469 0.011255834980972068 0.008449536831702886
0 0.6188362998490883 0.5165485900837059 0.012850168479069168 0.009321792093374803
0 0.41817972524823954 0.4869275214702104 0.011319501977166269 0.010012036831702886
0 0.27696972380254586 0.10779230026823124 0.01281833498097198 0.008540542093374803
0 0.2871193621298282 0.24125724765151277 0.012882001977166357 0.010103042093374804
0 0.30805660323257966 0.28212517135727094 0.012786501482874791 0.007759292093374804
0 0.44151374897423584 0.3733354583301482 0.012882001977166269 0.010103042093374804
0 0.5940153023577273 0.11192897951800995 0.011192167984777512 0.0068870368317029305
0 0.5528252751716899 0.24292835053646247 0.009597834486680413 0.006014781570031147
0 0.5304037885175628 0.18110318472321207 0.016692751482874614 0.007986805247554418
0 0.3518451180241462 0.6038034793062484 0.009693334980971979 0.008358531570031146
0 0.28462578452604903 0.608497955558138 0.01281833498097198 0.008540542093374803
0 0.18744703699750695 0.6024670344126285 0.012754667984777557 0.006978042093374803
0 0.15725551821442663 0.69307662386105 0.008067167984777602 0.00670502630835923
0 0.034393679773413566 0.7243937842714543 0.008848417984777568 0.0067505289391952775
0 0.17932683638948463 0.7634955396743004 0.006472834486680368 0.0058327710466873125
0 0.45437857452648656 0.8035921057275471 0.00966150148287479 0.007577281570031147
0 0.4198152321311408 0.848471966222656 0.010442751482874612 0.007622784200867016
0 0.3555153101920305 0.8771576793203659 0.01678825197716636 0.01033055524755433
0 0.47126764418441935 0.8672982899566491 0.019132001977166267 0.010467063140062294
0 0.6526396609903333 0.7772361901260583 0.008194501977166268 0.00983002630835923
0 0.7369218190892791 0.8128559007341065 0.007285917984777512 0.006659523677523182
0 0.7465687331197239 0.8247643665332396 0.007222250988583134 0.0050970236775231825
0 0.7682500735379033 0.7899875481315055 0.008035334486680413 0.00592377630835923
0 0.8267774979484717 0.749947106080483 0.008130834980971714 0.00826752630835923
0 0.7649804934998473 0.7745900612856851 0.008003500988583134 0.00514252630835923
0 0.8540549223590398 0.7117267692628975 0.008816584486680412 0.005969278939195277
0 0.8093472588228865 0.6995221718513811 0.008035334486680413 0.00592377630835923
0 0.7976749297734136 0.6799377139447559 0.007285917984777512 0.00665952367752336
0 0.7698364312562884 0.6745445586548492 0.009566000988583312 0.005233531570031147
0 0.7901980108000528 0.6912847376222793 0.006441000988583312 0.005051521046687313
0 0.7561904253247892 0.703397600748224 0.004878500988583312 0.004960515785015574
0 0.7490000078343033 0.7077133744257473 0.005564250494291656 0.0026622684158514433
0 0.8489482696973013 0.6457755455712567 0.009725168479069169 0.009139781570031147
0 0.7267005379860901 0.5663827191358406 0.006472834486680412 0.0058327710466873125
0 0.7937607039937014 0.5655944928839511 0.007971667490486034 0.0043612763083592295
0 0.7064092371112377 0.41402355858426204 0.007254084486680412 0.00587827367752336
0 0.7028213220922097 0.40643857173844167 0.0056597509885831345 0.005006018415851443
0 0.8498700770351256 0.37449207977212373 0.008784750988583312 0.0051880289391951885
0 0.6826692840689385 0.19327841907937088 0.0040335839923887565 0.003352513154179615
0 0.5892203730042431 0.17222173741051772 0.00500583498097189 0.008085515785015573
0 0.7623050459319366 0.13252365862661436 0.006441000988583134 0.005051521046687402
0 0.7779300459319366 0.13161360600989586 0.008003500988583134 0.00514252630835923
0 0.3880080414833123 0.17536766616618626 0.007254084486680412 0.005878273677523316
0 0.35865612250995155 0.1879887635071155 0.004878500988583135 0.004960515785015574
0 0.35916811707274404 0.21367900824544367 0.007190417490486034 0.0043157736775233605