0 0.5691060866466465 0.4937465937345351 0.012540906615858206 0.007686347241038049
0 0.5423981409013725 0.46735451209732926 0.015670451795397965 0.008631371551297562
0 0.47691404146710664 0.4881340015818797 0.012549996974937905 0.00924884724103805
0 0.6051753968533009 0.5182862483025193 0.009411361436318443 0.006741322930778537
0 0.5199964209556018 0.5099171483479479 0.008630111436318444 0.0067003793532137475
0 0.6151316589535494 0.48444351481086273 0.008621021077238921 0.00513787935321357
0 0.6839043848512484 0.49195279963657174 0.015665906615858205 0.007850121551297561
0 0.6301026739806639 0.5070964427845954 0.010969316256778683 0.0060419600859081156
0 0.6076782281371942 0.5457528290352139 0.013331246974937904 0.00928979081860284
0 0.5154089149054777 0.5268589868825586 0.014875566256778683 0.006246677973732595
0 0.5892009389095827 0.591645183173657 0.008643746974937905 0.009044129353213748
0 0.6211049238824682 0.5714488698538169 0.012540906615858206 0.007686347241038049
0 0.609508893730043 0.5919284661903437 0.010210792154477667 0.009907266508343327
0 0.6190066135776178 0.6135135391211222 0.008630111436318444 0.0067003793532137475
0 0.6807708153730159 0.6245605817487474 0.009420451795397966 0.008303822930778536
0 0.6579600292686625 0.596810717999366 0.010210792154477843 0.009907266508343327
0 0.6835549269075302 0.566130606059007 0.011755111436318444 0.00686415366347326
0 0.4723871853935414 0.9182342593837959 0.023492042154477845 0.010603307326946521
0 0.17823266441449834 0.8333082242194024 0.014085225897699071 0.004643234396167628
0 0.09055085723290598 0.7974725435321364 0.01803238251355732 0.011879202283992108
0 0.9062732467785463 0.18573485639769122 0.010987496974937727 0.00916696008590825
0 0.9372556020665446 0.27561290592272136 0.014103406615858205 0.007768234396167806
0 0.8622783279642438 0.27558857247649327 0.014103406615858205 0.007768234396167806
0 0.8021629845801019 0.2794671670039978 0.007844316256778682 0.005878185775648781
0 0.6654396894005621 0.27152079093014453 0.011005677693097127 0.012291960085908294
0 0.5940868641667929 0.22326367537174083 0.014934653590796288 0.016402927973732682
0 0.6304788821207739 0.3032720799397251 0.012563632513557365 0.01159259724103805
0 0.42367891539645697 0.1979317254625979 0.02432328912941557 0.01923800090451113
0 0.3936737737095175 0.27602242593756776 0.016469882513557365 0.01179731512886235
0 0.5035078368430381 0.3606607767966503 0.014902837334017604 0.010934177973732594
0 0.616770906124879 0.3634725955435574 0.012554542154477665 0.010030097241038049
0 0.4661487374087723 0.3829142350735363 0.009438632513557366 0.011428822930778538
0 0.33714249345889646 0.35897104477533176 0.011764201795398143 0.008426653663473171
0 0.3084180506404889 0.38870613240543134 0.012545451795398144 0.00846759724103805
0 0.28696977663638373 0.3266631558111797 0.010206246974937905 0.009126016508343326
0 0.3789668999765589 0.43301605438627017 0.013335792154477666 0.010071040818602838
0 0.31208795130441874 0.3482858502932557 0.012559087334017515 0.01081134724103805
0 0.388432282686508 0.31479832089461357 0.010987496974937904 0.009166960085908293
0 0.43751974336070065 0.4290555727036359 0.015661361436318445 0.007068871551297562
0 0.32715896028140923 0.3881262782669884 0.009415906615858293 0.0075225729307785375
0 0.4423117824901162 0.4472699841690252 0.016460792154477665 0.010234815128862351
0 0.5832680597156752 0.3773370217082677 0.012549996974937905 0.00924884724103805
0 0.5518589784317818 0.34835552860567265 0.012559087334017605 0.01081134724103805
0 0.39379194837755255 0.2963349259375677 0.016456246974937905 0.009453565128862352
0 0.3271044181269315 0.3787512782669884 0.012540906615858294 0.007686347241038049
0 0.3693555506404888 0.3918997314554917 0.011759656615858293 0.007645403663473172
0 0.3451549813586481 0.39375548055098053 0.009420451795398143 0.008303822930778536
0 0.39386064695149675 0.44238773236000284 0.014907382513557365 0.011715427973732595
0 0.49751236689726747 0.4040832281761313 0.009415906615858205 0.0075225729307785375
0 0.4025265989432866 0.32100405529078135 0.009415906615858205 0.0075225729307785375
0 0.2761277254067197 0.34249619572527146 0.013335792154477666 0.010071040818602928
0 0.5577908158639951 0.2939955772261917 0.018813632513557367 0.011920145861557074
0 0.5091356681269315 0.38829113183960445 0.010982951795398144 0.008385710085908294
0 0.48686575838781526 0.45351001809022307 0.018023292154477667 0.010316702283992108
0 0.38875551131468156 0.5046011273170488 0.015679542154477664 0.010193871551297562
0 0.4365117552645573 0.5242861855485061 0.010982951795397966 0.008385710085908115
0 0.5702009540348932 0.5476937873120999 0.009420451795397966 0.008303822930778536
0 0.5578322433607006 0.4353608836486268 0.013331246974937904 0.00928979081860284
0 0.5405811108471432 0.4235226249421995 0.007090337334017605 0.010524742198083813
0 0.3542805173648057 0.4856121099041942 0.010982951795398144 0.008385710085908294
0 0.48793335469882326 0.5027697116677879 0.012549996974937905 0.00924884724103805
0 0.3377379119786114 0.4613147947753317 0.011759656615858293 0.00764540366347326
0 0.2777543788011242 0.48784963930283637 0.012540906615858294 0.007686347241038049
0 0.6277003575274935 0.6311514184743359 0.014902837334017604 0.010934177973732773
0 0.5891640565924172 0.4510611267512218 0.012540906615858206 0.007686347241038049
0 0.496958375874258 0.4431047845985665 0.012545451795397965 0.00846759724103805
0 0.5517049632082754 0.4561270850281078 0.010197156615858205 0.007563516508343327
0 0.49628166500367354 0.46103259102100164 0.007848861436318444 0.006659435775648781
0 0.44400154751723087 0.46922687132415486 0.007844316256778682 0.005878185775648781
0 0.5311157281371942 0.5417403584338562 0.010964771077238922 0.005260710085908116
0 0.635380526439992 0.4745705478275495 0.007844316256778682 0.005878185775648781
0 0.7736208698241337 0.4747863110565326 0.010201701795398144 0.008344766508343326
0 0.6390645835233885 0.570828072137809 0.006295451795398144 0.008140048620519025
0 0.6407634389095828 0.5943474592929388 0.009406816256778684 0.005960072930778537
0 0.4596679750139362 0.6114110492978876 0.014107951795397967 0.008549484396167806
0 0.39729978522059073 0.6307918130926975 0.014893746974937904 0.009371677973732773
0 0.7480896046988231 0.5164039229968916 0.012554542154477844 0.010030097241038049
0 0.8313066256778662 0.5902751922187685 0.011764201795398322 0.00842665366347326
0 0.33080263162979456 0.6116866089996831 0.01804601805217674 0.014222952283992108
0 0.21737593588452064 0.5807497902527761 0.013335792154477666 0.010071040818602838
0 0.17437991480728182 0.5738103934867078 0.014112496974937905 0.009330734396167628
0 0.1652094478865732 0.6084753205559293 0.010996587334017515 0.010729460085908294
0 0.06888843890958277 0.5643767605154496 0.008643746974937905 0.009044129353213571
0 0.1232214149054777 0.5063053109449909 0.018005111436318444 0.007191702283992107
0 0.22020549921443305 0.5301323145630354 0.012554542154477665 0.010030097241038049
0 0.2474856167008758 0.5206278397778062 0.008634656615858206 0.007481629353213748
0 0.304181044295777 0.6001382773624773 0.014103406615858294 0.007768234396167628
0 0.2772645411725191 0.6721427521477066 0.011764201795398055 0.00842665366347326
0 0.25546628834384866 0.5499435255534549 0.012540906615858294 0.007686347241038049
0 0.23922820998682162 0.5779899604245925 0.012540906615858294 0.007686347241038049
0 0.3345861617822197 0.5907975768875074 0.014880111436318445 0.007027927973732773
0 0.31205717680933437 0.6114852131381261 0.010982951795398054 0.008385710085908115
0 0.3128747882456528 0.6177761567156909 0.014875566256778683 0.006246677973732772
0 0.4267645714231401 0.5940664190401628 0.012540906615858206 0.007686347241038049
0 0.42468898701598884 0.6400373383074681 0.010215337334017605 0.010688516508343326
0 0.2862451523142499 0.8733334379233554 0.010210792154477667 0.009907266508343327
0 0.10566277282575472 0.844344221505869 0.009424996974937904 0.009085072930778537
0 0.1509116403121974 0.8357814490046319 0.014902837334017515 0.010934177973732773
0 0.30558095959403814 0.8407632773624772 0.014107951795398144 0.008549484396167628
0 0.36942983615566716 0.807401900722797 0.014884656615858204 0.007809177973732773