0 0.7578998677061103 0.3014402585983794 0.012169129353213747 0.009276289462538934
0 0.5203633254171693 0.47905483731169574 0.012950379353213748 0.009321792093374803
0 0.38000283977780613 0.2231450135071155 0.014553822930778537 0.01019404735504672
0 0.8395892017181653 0.17051721131392 0.013772572930778538 0.010148544724210718
0 0.9973795689162491 0.3992807061934225 0.005240862167501703 0.010194047355046542
0 0.42561299016191895 0.36075913459615516 0.012128185775648781 0.008495039462538845
0 0.53507760063194 0.5056250425874851 0.013772572930778538 0.01014854472421085
0 0.8598728827441157 0.4827896981597403 0.012128185775648604 0.008495039462538757
0 0.9072115502023987 0.4290962797862412 0.012909435775648603 0.008540542093374803
0 0.5232194097679086 0.5784100952042035 0.01134693577564878 0.008449536831702886
0 0.8111388116223595 0.5248098691640755 0.012991322930778537 0.010103042093374804
0 0.8749578929208809 0.32204961923466263 0.017020403663472905 0.012674305247554418
0 0.5871557570089466 0.5872243821064936 0.014594766508343326 0.01097529735504672
0 0.7101871432595652 0.5573332138035816 0.012169129353213747 0.009276289462538756
0 0.7934666327441157 0.48665742178079396 0.013813516508343327 0.010929794724210674
0 0.4607282965843541 0.35793026620853857 0.01216912935321357 0.009276289462538934
0 0.9319592446844748 0.4527312008611634 0.011346935775648603 0.008449536831702886
0 0.48130082541716934 0.4813299688534919 0.01134693577564878 0.008449536831702886
0 0.7170380088179689 0.6282449532802379 0.011305992198083814 0.007668286831702886
0 0.4814303002023987 0.45389521359182006 0.010524742198083813 0.007622784200867016
0 0.4932962143813214 0.5307839372834608 0.012210072930778536 0.010057539462538756
0 0.5226860639972086 0.38880156363417234 0.013854460085908293 0.011711044724210673
0 0.36519114653892554 0.44891085295553684 0.012210072930778536 0.010057539462538756
0 0.7906348818396045 0.4625296770424658 0.013813516508343327 0.010929794724210674
0 0.36687979929788755 0.43627434506302915 0.012991322930778537 0.010103042093374804
0 0.6571628833099424 0.2932020953453778 0.012169129353213747 0.009276289462538934
0 0.36508492593756775 0.3721208398013573 0.012087242198083815 0.007713789462538934
0 0.6631439676606817 0.3923753427145419 0.011387879353213748 0.009230786831702887
0 0.6732725621881863 0.33144554799033116 0.012128185775648604 0.008495039462538934
0 0.6021378686106214 0.3348050373964003 0.011346935775648603 0.008449536831702886
0 0.3746723671402834 0.5251548345396854 0.011305992198083903 0.007668286831702886
0 0.48959692503305663 0.3405761662367734 0.012087242198083815 0.007713789462538934
0 0.4380753686106214 0.34436058987194446 0.010565685775648603 0.008404034200867017
0 0.5792171042499846 0.6002249110456888 0.016979460085908293 0.011893055247554329
0 0.2740372020568495 0.4291436555016682 0.014594766508343326 0.01097529735504672
0 0.7056866717536963 0.45650646117274557 0.011346935775648603 0.008449536831702886
0 0.694171560379164 0.28164296906525343 0.011305992198083814 0.007668286831702886
0 0.5809522653766896 0.37913886632147803 0.013772572930778538 0.010148544724210673
0 0.4335184226582074 0.49665113196531924 0.009702548620519025 0.0067960315700311465
0 0.6426112189038772 0.6435507058404866 0.011305992198083814 0.007668286831702886
0 0.6311503392119793 0.4099114532096507 0.012991322930778537 0.010103042093374804
0 0.9033949106724197 0.58056006924878 0.012128185775648604 0.008495039462538757
0 0.9065431648562912 0.476153290309585 0.016938516508343326 0.01111180524755433
0 0.31620036861062145 0.35145900028234867 0.01295037935321366 0.009321792093374803
0 0.7287114139517801 0.46221813487850383 0.012950379353213748 0.009321792093374803
0 0.8567800237444327 0.15462690080469374 0.012169129353213747 0.009276289462538844
0 0.7532643566248338 0.4372790480609183 0.016157266508343326 0.01106630261671846
0 0.7636242452503016 0.2611414822900202 0.013731629353213749 0.009367294724210672
0 0.3176500039567289 0.30435648712816904 0.012991322930778537 0.010103042093374804
0 0.6795590202379296 0.7205458453453778 0.012991322930778537 0.010103042093374804
0 0.32268938602347597 0.3855609844973331 0.01295037935321366 0.009321792093374803
0 0.48066566033373553 0.3794944530684764 0.011305992198083814 0.007668286831702886
0 0.808476399818286 0.29457633759404434 0.013772572930778538 0.010148544724210673
0 0.4773171737898611 0.09131191360593752 0.012950379353213748 0.009321792093374803
0 0.5607272173219975 0.17265364789150914 0.015457903663473261 0.01258329998588259
0 0.7134162053362099 0.2750366532943553 0.011305992198083814 0.007668286831702886
0 0.5374855483933765 0.4020450162791257 0.012169129353213747 0.009276289462538934
0 0.776721788782438 0.34657845335082504 0.012128185775648781 0.008495039462538934
0 0.7603974259375678 0.34909650859837943 0.012128185775648781 0.008495039462538934
0 0.7078279466297827 0.25812216907937086 0.01134693577564878 0.008449536831702886
0 0.5812455144721784 0.3548291110598062 0.012991322930778537 0.010103042093374804
0 0.7358532858417618 0.7031616532943554 0.011305992198083814 0.007668286831702886
0 0.6899864286511012 0.4260755085277923 0.012950379353213748 0.009321792093374803
0 0.5496922992978875 0.42562672944742275 0.014553822930778537 0.01019404735504672
0 0.9061902035271876 0.21522349558537418 0.012950379353213748 0.009321792093374803
0 0.5561835594746528 0.2653871794615402 0.011387879353213748 0.009230786831702887
0 0.9988197778147327 0.5731277298709458 0.002360444370534509 0.008540542093374803
0 0.7865449253717408 0.548967705981661 0.011346935775648603 0.008449536831702886
0 0.9455447891211222 0.5624324245528042 0.014512879353213748 0.00941279735504672
0 0.8494477170948549 0.5829185007764589 0.012991322930778537 0.010103042093374804
0 0.4766686363621602 0.6022795056851948 0.012991322930778537 0.010103042093374804
0 0.6363833938253921 0.3602376769012915 0.012991322930778537 0.010103042093374804
0 0.743203281885033 0.3798760717384416 0.013772572930778538 0.010148544724210673
0 0.7990006597679086 0.5623476665191222 0.012950379353213748 0.009321792093374803
0 0.8813727464934971 0.5042628797580063 0.012950379353213748 0.009321792093374626
0 0.8101760979184066 0.41672435337905994 0.011428822930778538 0.010012036831702886
0 0.6797649016273082 0.3506582795744797 0.01216912935321357 0.009276289462538934
0 0.26426829715018096 0.1679786423474886 0.01134693577564878 0.008449536831702931
0 0.24710845262267642 0.22931796074922267 0.011305992198083903 0.007668286831702886
0 0.7672526927845954 0.584571277014231 0.012950379353213748 0.009321792093374803
0 0.5906105483933765 0.3989508373822829 0.015335072930778538 0.01023954998588259
0 0.6638599406368888 0.3163210769295263 0.01134693577564878 0.008449536831702974
0 0.6681955585701417 0.23457054799033114 0.014594766508343326 0.01097529735504672
0 0.927820621324155 0.38871420349199937 0.012991322930778537 0.010103042093374804
0 0.7061370511069098 0.4651002111727456 0.012128185775648781 0.008495039462538757
0 0.45942250339090196 0.49749329514773366 0.011469766508343327 0.010793286831702886
0 0.8103675277011615 0.48018761390240366 0.013772572930778538 0.01014854472421085
0 0.850884064335893 0.595372998145623 0.013032266508343326 0.010884292093374803
0 0.2036328488229177 0.4763441501694092 0.013772572930778538 0.010148544724210673
0 0.3347600180902231 0.4663559581889739 0.012169129353213659 0.009276289462538756
0 0.5873804070543752 0.501795116321478 0.012950379353213748 0.009321792093374803
0 0.9964079683958508 0.6314407588101411 0.007184063208298497 0.010012036831702886
0 0.9581023428300238 0.4880393693052499 0.012169129353213747 0.009276289462538756
0 0.42951259610938425 0.3903101267036474 0.01373162935321357 0.009367294724210672
0 0.40588806761525326 0.49277497404457654 0.012128185775648781 0.008495039462538757
0 0.24328516904016279 0.41056025547343333 0.012991322930778537 0.010103042093374804
0 0.4312665258921392 0.45368238196531924 0.012991322930778537 0.010103042093374804
0 0.8799806648562913 0.4777003797580063 0.012169129353213747 0.009276289462538756
0 0.9952438377705416 0.6542335167026487 0.009512324458916765 0.010148544724210673
0 0.9793001549066686 0.20469624828679728 0.015376016508343327 0.01102079998588259
0 0.8785620070089466 0.5702519008046937 0.010483798620519024 0.006841534200867016
0 0.41929214834794787 0.49434517932036587 0.012128185775648781 0.008495039462538934
0 0.8947126294647554 0.6092766034496471 0.010606629353213748 0.009185284200867016
0 0.47533078640758875 0.5169412451618511 0.012950379353213571 0.009321792093374803
0 0.5380897359780474 0.4584315241716335 0.009825379353213749 0.009139781570031147
0 0.545476190071062 0.5246102610174539 0.015416960085908293 0.01180204998588259
0 0.6000508254171694 0.4744135689664314 0.013813516508343327 0.010929794724210674
0 0.19815413274411564 0.5213304264777685 0.013813516508343416 0.01092979472421085
0 0.38537641451760696 0.2808210056146077 0.01138787935321366 0.009230786831702975
0 0.41823318012143923 0.2648018924886629 0.01369068577564878 0.008586044724210673