0 0.41484375 0.5593052596643615 0.01328125 0.007889768052176649
0 0.3640625 0.5346006963344492 0.01328125 0.00867101805217665
0 0.4640625 0.39261266335335354 0.0046875 0.007839771077238832
0 0.44375 0.4036683380213885 0.01328125 0.006327268052176649
0 0.53671875 0.35547121165615125 0.0078125 0.014107951795398144
0 0.5 0.33224733509452237 0.01953125 0.014176129488495271
0 0.63203125 0.36976044975229466 0.01953125 0.010269879488495271
0 0.71484375 0.30912241072107494 0.01640625 0.012595448770336049
0 0.609375 0.2527047599589491 0.021875 0.014971015027114643
0 0.965625 0.31313215808879624 0.01875 0.011827834308955421
0 0.82578125 0.211601995226422 0.02578125 0.014993740924813714
0 0.37109375 0.2689347897185908 0.0171875 0.01572499394987581
0 0.2546875 0.4766432714700223 0.0125 0.0063227228726368875
0 0.19921875 0.5160284792173487 0.01171875 0.008661927693097126
0 0.271875 0.5445120275201465 0.01484375 0.005555108411256349
0 0.3203125 0.4543864763886784 0.009375 0.014117042154477843
0 0.67578125 0.5898184196980653 0.01875 0.020421584308955333
0 0.78515625 0.565744594562492 0.0234375 0.011855105386194253
0 0.11171875 0.6306000393258073 0.0203125 0.009493174668035032
0 0.3765625 0.5978092234618121 0.01640625 0.011814198770336048
0 0.3671875 0.44083251561628983 0.0109375 0.008657382513557365
0 0.371875 0.472055244539051 0.009375 0.0070857921544776655
0 0.38671875 0.45009388612779466 0.0078125 0.007076701795397966
0 0.390625 0.46335241023009555 0.00703125 0.006290906615858205
0 0.4328125 0.4607632205349459 0.0078125 0.005514201795398144
0 0.39765625 0.48518650361423726 0.00703125 0.006290906615858205
0 0.3875 0.49383934094825477 0.0078125 0.005514201795398144
0 0.4609375 0.4355995940715127 0.01328125 0.005546018052176649
0 0.4828125 0.4807848290443982 0.0078125 0.006295451795397966
0 0.3953125 0.5117626391528567 0.0078125 0.007076701795397966
0 0.44921875 0.42473027176460987 0.0078125 0.007076701795397966
0 0.51484375 0.42434847668326603 0.01015625 0.007871587334017605
0 0.48671875 0.4963871031466991 0.00859375 0.007081246974937905
0 0.51484375 0.473567226683266 0.0078125 0.005514201795397966
0 0.52578125 0.46022234416970864 0.0109375 0.007876132513557366
0 0.4328125 0.5146694705349459 0.0078125 0.006295451795398144
0 0.47421875 0.49802232601933605 0.0078125 0.006295451795397966
0 0.47421875 0.512084826019336 0.00625 0.005505111436318444
0 0.31953125 0.5278285215682181 0.00859375 0.007081246974937905
0 0.47578125 0.4347319856602564 0.00625 0.007067611436318444
0 0.38125 0.5360632023845733 0.009375 0.005523292154477844
0 0.096875 0.1377176477370637 0.00859375 0.007081246974937905
0 0.13984375 0.2296551628623742 0.00859375 0.006299996974937905
0 0.1984375 0.23556427439688857 0.01015625 0.005527837334017516
0 0.346875 0.27845069028432484 0.00859375 0.006299996974937905
0 0.3859375 0.3297859313073344 0.0109375 0.0063136325135573655
0 0.44921875 0.3169177717646099 0.01015625 0.004746587334017516
0 0.4421875 0.2622711783804682 0.00859375 0.007081246974937905
0 0.41953125 0.34443423858712263 0.0078125 0.008639201795398144
0 0.45546875 0.3379751603282914 0.0078125 0.004732951795398144
0 0.49375 0.3580649465308408 0.00859375 0.006299996974937905
0 0.4953125 0.3650871061717612 0.00625 0.005505111436318444
0 0.50625 0.37517972365820385 0.00625 0.007067611436318444
0 0.50390625 0.4142558591968233 0.0109375 0.008657382513557365
0 0.56640625 0.40217349483363857 0.01015625 0.006309087334017427
0 0.559375 0.4217456514494969 0.00859375 0.008643746974937905
0 0.60859375 0.4183343051384889 0.0078125 0.005514201795398144
0 0.60625 0.44334794067710825 0.01015625 0.005527837334017604
0 0.5671875 0.4990439496540988 0.01015625 0.007090337334017605
0 0.60546875 0.6066337358566481 0.0125 0.009447722872636889
0 0.39375 0.5586467295119364 0.00859375 0.008643746974937905
0 0.38359375 0.5790183168459538 0.0078125 0.005514201795398144
0 0.321875 0.5871898860295988 0.01015625 0.007090337334017605
0 0.3453125 0.5604910306434044 0.00625 0.007848861436318444
0 0.3453125 0.6003347806434045 0.01015625 0.005527837334017604
0 0.4375 0.6458921994577069 0.01015625 0.006309087334017605
0 0.446875 0.6434939073032293 0.0078125 0.005514201795397966
0 0.49453125 0.6408729013513009 0.00859375 0.006299996974937905
0 0.4671875 0.6207194826351943 0.0140625 0.0055505632317165874
0 0.43984375 0.6154098139190876 0.0078125 0.006295451795398144
0 0.39765625 0.5789365036142373 0.00390625 0.005491475897699161
0 0.359375 0.6541592174116879 0.00703125 0.007072156615858205
0 0.3359375 0.6433580727978822 0.009375 0.007085792154477843
0 0.428125 0.5951654916121847 0.0078125 0.0070767017953981435
0 0.57890625 0.6146007719610017 0.01015625 0.007871587334017605
0 0.54296875 0.5843411002198329 0.00859375 0.006299996974937905
0 0.5453125 0.6202649646812134 0.0140625 0.00711306323171641
0 0.63203125 0.6369479497522946 0.009375 0.0070857921544776655
0 0.56171875 0.6373570159108775 0.009375 0.006304542154477666
0 0.5140625 0.6329467718628058 0.0078125 0.004732951795398144
0 0.5109375 0.643121202580965 0.00625 0.005505111436318444
0 0.48515625 0.6213961935057787 0.009375 0.008648292154477665
0 0.57890625 0.5974132719610016 0.00859375 0.006299996974937905
0 0.61171875 0.6198786244203297 0.00625 0.007067611436318444
0 0.69921875 0.5803070643118711 0.009375 0.007085792154477843
0 0.57734375 0.5692973623200812 0.00625 0.005505111436318444
0 0.584375 0.563006455704223 0.00703125 0.007072156615858205
0 0.76328125 0.5611843595896067 0.01015625 0.006309087334017605
0 0.7828125 0.5141957301011115 0.0109375 0.007094882513557365
0 0.828125 0.5600258596878026 0.01015625 0.007090337334017605
0 0.75546875 0.5026360613850048 0.00859375 0.0055187469749379044
0 0.77734375 0.4767275463578902 0.00859375 0.007081246974937905
0 0.77890625 0.4884372059988106 0.0078125 0.005514201795397966
0 0.88046875 0.49487758265863546 0.009375 0.004742042154477844
0 0.74765625 0.5323690131804029 0.0109375 0.005532382513557366
0 0.66953125 0.5695422811343838 0.01171875 0.006318177693097127
0 0.6390625 0.48768829313643636 0.01015625 0.006309087334017605
0 0.6140625 0.4792399888817102 0.01484375 0.009461358411256348
0 0.6921875 0.5912854709277294 0.0125 0.0063227228726368875
0 0.77265625 0.6009735674351291 0.01171875 0.007099427693097127
0 0.83828125 0.5951230223537851 0.009375 0.008648292154477665
0 0.71328125 0.6380377510801545 0.00703125 0.007072156615858205
0 0.92265625 0.5118196429634857 0.0109375 0.005532382513557366
0 0.934375 0.5555014652703887 0.00859375 0.007081246974937905
0 0.98125 0.591947504498 0.00859375 0.004737496974937905
0 0.8875 0.7026491760427771 0.0109375 0.007094882513557365
0 0.728125 0.652795142668898 0.0125 0.0063227228726368875
0 0.68828125 0.6764644468254284 0.0125 0.007885222872636887
0 0.60234375 0.6918081665748075 0.0125 0.005541472872636888
0 0.5890625 0.621572934626984 0.01015625 0.004746587334017604
0 0.37890625 0.7329518379231927 0.01015625 0.007090337334017605
0 0.3078125 0.7122716992613153 0.01171875 0.007880677693097127