0 0.33984375 0.36176694004613424 0.00703125 0.007894316000954494
0 0.56484375 0.4261038020766783 0.009375 0.006359088001272717
0 0.690625 0.7158486494270866 0.0046875 0.007867044000636269
0 0.75390625 0.6626787434356771 0.00625 0.011791475334181812
0 0.72734375 0.6553384107654046 0.00703125 0.010238066000954404
0 0.7296875 0.6928656827657227 0.01484375 0.018141472668681758
0 0.75078125 0.4985798807685862 0.003125 0.009411362667090906
0 0.74765625 0.5086997681014953 0.003125 0.009411362667090906
0 0.71640625 0.3981798914305864 0.00625 0.011010225334181811
0 0.69609375 0.23934978409449564 0.00703125 0.008675566000954583
0 0.64765625 0.26222366275458686 0.0125 0.009520450668363534
0 0.66171875 0.23660604475649585 0.00546875 0.00943863466740904
0 0.6515625 0.22789411608845045 0.00390625 0.005514203333863677
0 0.62421875 0.2330446927514052 0.0046875 0.006304544000636359
0 0.590625 0.22952879408017815 0.00625 0.01257272533418181
0 0.59296875 0.24908731608049628 0.00546875 0.007876134667409041
0 0.5890625 0.25841686274663267 0.00625 0.00866647533418181
0 0.4890625 0.22834700739972424 0.00546875 0.00865738466740904
0 0.47890625 0.2516663287316788 0.00703125 0.007894316000954582
0 0.4765625 0.2610140567313607 0.00546875 0.007876134667409041