0 0.43125 0.55625 0.01328125 0.00859375
0 0.3203125 0.56796875 0.01015625 0.00703125
0 0.24453125 0.5578125 0.0109375 0.00703125
0 0.178125 0.1296875 0.0140625 0.009375
0 0.29453125 0.54375 0.0109375 0.00703125
0 0.240625 0.6953125 0.0109375 0.0078125
0 0.346875 0.56875 0.01171875 0.0078125
0 0.1578125 0.20703125 0.0125 0.00859375
0 0.3421875 0.2828125 0.0109375 0.0078125
0 0.3234375 0.44375 0.01015625 0.00703125
0 0.33203125 0.59765625 0.01328125 0.00859375
0 0.09453125 0.63125 0.0109375 0.0078125
0 0.7078125 0.65625 0.0140625 0.009375
0 0.065625 0.515625 0.0125 0.009375
0 0.6953125 0.61796875 0.009375 0.00625
0 0.59375 0.634375 0.0109375 0.0078125
0 0.6546875 0.21875 0.009375 0.00625
0 0.2390625 0.53046875 0.0109375 0.00703125
0 0.56484375 0.72890625 0.01171875 0.00859375
0 0.21953125 0.81875 0.01015625 0.00625
0 0.61640625 0.72890625 0.01015625 0.00703125
0 0.490625 0.3921875 0.0109375 0.0078125
0 0.484375 0.53203125 0.0125 0.00859375
0 0.25859375 0.60625 0.0125 0.0078125
0 0.50234375 0.66796875 0.0125 0.009375
0 0.55234375 0.5046875 0.01484375 0.01015625
0 0.0328125 0.384375 0.01171875 0.00859375
0 0.146875 0.48046875 0.01171875 0.0078125
0 0.44453125 0.37265625 0.009375 0.0078125
0 0.390625 0.58515625 0.009375 0.00703125
0 0.30390625 0.36875 0.01171875 0.0078125
0 0.515625 0.36953125 0.01015625 0.00703125
0 0.40859375 0.59453125 0.01015625 0.0078125
0 0.28671875 0.9078125 0.015625 0.0109375
0 0.559375 0.85390625 0.01015625 0.00625
0 0.55234375 0.6546875 0.01328125 0.009375
0 0.30078125 0.6453125 0.01171875 0.00859375
0 0.33359375 0.87109375 0.009375 0.00625
0 0.671875 0.58046875 0.009375 0.00625
0 0.26328125 0.334375 0.0125 0.009375
0 0.11875 0.85703125 0.0109375 0.0078125
0 0.44765625 0.7203125 0.01171875 0.00859375
0 0.3875 0.178125 0.0125 0.00859375
0 0.63359375 0.2203125 0.01015625 0.00703125
0 0.59609375 0.77890625 0.01015625 0.00703125
0 0.634375 0.490625 0.01171875 0.00859375
0 0.2234375 0.2796875 0.0125 0.009375
0 0.4625 0.809375 0.01328125 0.0109375
0 0.3078125 0.29375 0.009375 0.00703125
0 0.45390625 0.57734375 0.009375 0.00703125
0 0.70234375 0.49140625 0.01171875 0.0078125
0 0.87890625 0.7421875 0.01015625 0.00625
0 0.4828125 0.66171875 0.01015625 0.0078125
0 0.68203125 0.634375 0.0109375 0.0078125
0 0.26328125 0.909375 0.01015625 0.00703125
0 0.04921875 0.46484375 0.0125 0.00859375
0 0.85390625 0.71953125 0.00859375 0.00625
0 0.28984375 0.2921875 0.0109375 0.00703125
0 0.63828125 0.54296875 0.01328125 0.009375
0 0.559375 0.821875 0.0109375 0.00859375
0 0.77734375 0.81796875 0.01328125 0.01015625
0 0.78984375 0.22890625 0.0125 0.00859375
0 0.7109375 0.21015625 0.01171875 0.00859375
0 0.234375 0.0921875 0.015625 0.01171875
0 0.4125 0.26015625 0.009375 0.0078125
0 0.40625 0.21484375 0.0109375 0.00859375
0 0.390625 0.3453125 0.0109375 0.00859375
0 0.19609375 0.384375 0.0125 0.009375
0 0.484375 0.28125 0.009375 0.00703125
0 0.56875 0.48125 0.0109375 0.0078125
0 0.64140625 0.55390625 0.0125 0.00859375
0 0.4390625 0.5125 0.0109375 0.009375
0 0.28203125 0.12421875 0.0125 0.0078125
0 0.29765625 0.25859375 0.0125 0.009375
0 0.3203125 0.30078125 0.0125 0.00703125
0 0.4578125 0.4 0.0125 0.009375
0 0.6 0.146875 0.0109375 0.00625
0 0.5640625 0.27578125 0.009375 0.00546875
0 0.5390625 0.2125 0.01640625 0.00703125
0 0.37734375 0.62578125 0.009375 0.0078125
0 0.31015625 0.6265625 0.0125 0.0078125
0 0.2125 0.61484375 0.0125 0.00625
0 0.1859375 0.70390625 0.0078125 0.00625
0 0.0640625 0.728125 0.00859375 0.00625
0 0.2109375 0.77578125 0.00625 0.00546875
0 0.48828125 0.83203125 0.009375 0.00703125
0 0.45546875 0.875 0.01015625 0.00703125
0 0.3921875 0.9 0.01640625 0.009375
0 0.5078125 0.896875 0.01875 0.009375
0 0.6859375 0.8171875 0.0078125 0.009375
0 0.771875 0.8578125 0.00703125 0.00625
0 0.78203125 0.8703125 0.00703125 0.0046875
0 0.80234375 0.83671875 0.0078125 0.00546875
0 0.859375 0.8 0.0078125 0.0078125
0 0.7984375 0.82109375 0.0078125 0.0046875
0 0.88515625 0.76328125 0.00859375 0.00546875
0 0.83984375 0.7484375 0.0078125 0.00546875
0 0.82734375 0.728125 0.00703125 0.00625
0 0.79921875 0.72109375 0.009375 0.0046875
0 0.8203125 0.7390625 0.00625 0.0046875
0 0.78671875 0.74921875 0.0046875 0.0046875
0 0.7796875 0.753125 0.00546875 0.00234375
0 0.87734375 0.696875 0.009375 0.00859375
0 0.7515625 0.61015625 0.00625 0.00546875
0 0.81875 0.61328125 0.0078125 0.00390625
0 0.725 0.45625 0.00703125 0.00546875
0 0.72109375 0.4484375 0.00546875 0.0046875
0 0.8671875 0.425 0.00859375 0.0046875
0 0.6921875 0.23359375 0.00390625 0.003125
0 0.59765625 0.20703125 0.0046875 0.0078125
0 0.76953125 0.17734375 0.00625 0.0046875
0 0.78515625 0.17734375 0.0078125 0.0046875
0 0.39609375 0.1984375 0.00703125 0.00546875
0 0.3671875 0.209375 0.0046875 0.0046875
0 0.36875 0.23515625 0.00703125 0.00390625