0 0.34000428652318976 0.5378754540499522 0.012210072930778536 0.009511360001590852
0 0.3405741745828307 0.5120851133831795 0.013813516508343327 0.010310791335136215
0 0.31409356173796044 0.510213530712907 0.01134693577564878 0.00793976933481808
0 0.4899157553155253 0.5114776807367696 0.010483798620519024 0.006368178668045487
0 0.5034449095448252 0.7008129007399512 0.014594766508343326 0.010319882001908986
0 0.3906970053155253 0.5103231660566337 0.01138787935321357 0.008721019334818081
0 0.6918401034610744 0.4770861414305864 0.014594766508343326 0.010319882001908986
0 0.7401304392821517 0.5550389661043589 0.01373162935321357 0.008748291335136216
0 0.44179359509333144 0.26623735872849713 0.016198210085908292 0.011119313335454439
0 0.6402809254873418 0.4913389980903595 0.012909435775648782 0.007957950668363623
0 0.41684010346107436 0.47388622672658814 0.012210072930778536 0.009511360001590852
0 0.1817723846687389 0.49929311736154414 0.012991322930778492 0.009520450668363623
0 0.4901835074632318 0.2378765487348605 0.015457903663473261 0.011891472668681758
0 0.9614532406162042 0.4786599214671757 0.015376016508343327 0.010328972668681758
0 0.26644503505285166 0.36034934337204366 0.014553822930778537 0.009538632001908987
0 0.3745950497521727 0.39991237738699753 0.01216912935321357 0.008730110001590852
0 0.3576565332438294 0.4098777233847704 0.013772572930778538 0.009529541335136216
0 0.6176412856186786 0.565339572087814 0.010524742198083813 0.007149428668045488
0 0.516741606174608 0.402348128739633 0.012950379353213748 0.008739200668363622
0 0.322940696518241 0.3563163713796797 0.012169129353213659 0.008730110001590852
0 0.5659736442796773 0.46233220341340536 0.01134693577564878 0.00793976933481808
0 0.32052726820582406 0.596278300047725 0.016938516508343417 0.010347154002227299
0 0.6152333378572422 0.4621236654200869 0.012950379353213748 0.008739200668363622
0 0.7526149084131715 0.3019048754375861 0.011305992198083814 0.007158519334818081
0 0.4023504782917323 0.5862862293920882 0.01216912935321357 0.008730110001590852
0 0.4754792825664609 0.8615231340706331 0.011305992198083814 0.007158519334818436
0 0.7936593102676224 0.33912361211008585 0.015335072930778538 0.009547722668681757
0 0.929302481909777 0.4954837947962668 0.012169129353213747 0.008730110001590852
0 0.4943222150627493 0.7257219940722239 0.013690685775648604 0.007967041335136215
0 0.0018959042860856776 0.5964119233370453 0.0037918085721713552 0.010328972668681758
0 0.5126195929456249 0.540665741406724 0.012210072930778536 0.009511360001590852
0 0.6649888398934072 0.8402764847628592 0.012909435775648782 0.007957950668363623
0 0.8952583525565633 0.5036866461250397 0.011305992198083814 0.007158519334818081
0 0.5473088534610744 0.4754043680776328 0.011346935775648603 0.00793976933481808
0 0.7463605071245476 0.46599464743790425 0.012991322930778537 0.009520450668363623
0 0.08043121268790007 0.5684692840149539 0.012087242198083903 0.007167610001590852
0 0.6158021466545265 0.6153486627545869 0.012128185775648781 0.007948860001590851
0 0.7346893447546472 0.4947827187698589 0.014553822930778537 0.009538632001909164
0 0.3947570635469827 0.4626850973901792 0.00978443577564878 0.00792158800127254
0 0.44012271596726044 0.7008578067313607 0.012128185775648781 0.007948860001590674
0 0.13623191259704304 0.3987022240213173 0.014594766508343415 0.010319882001908986
0 0.6747743549314125 0.6535577347628593 0.012950379353213571 0.008739200668363622
0 0.42742239936806004 0.5404561087284971 0.010565685775648781 0.007930678668045487
0 0.6630976277713339 0.4736247867599957 0.016198210085908115 0.01111931333545435
0 0.39185671359241125 0.5478595287237246 0.01295037935321366 0.008739200668363622
0 0.9458924383776406 0.5816667427991302 0.01389540366347326 0.011873291335136215
0 0.8657136154468621 0.5901144947883126 0.011305992198083814 0.007158519334818081
0 0.2888611883776406 0.5740214920432708 0.012991322930778537 0.009520450668363623
0 0.36646496721045585 0.4506299927195885 0.013032266508343326 0.010301700668363622
0 0.5845698360482199 0.5102339014162689 0.013772572930778538 0.009529541335136216
0 0.2782291463158423 0.8365578547103617 0.012210072930778536 0.009511360001590674
0 0.7287413964273839 0.1906219301002227 0.014635710085908294 0.011101132001908987
0 0.6718098072154046 0.6355435314289956 0.016157266508343326 0.01033806333545435
0 0.8030088133198401 0.04139463677590406 0.015416960085908116 0.011110222668681724
0 0.29235575983808104 0.388011266709089 0.01471759724103805 0.012663632001908986
0 0.13237109170242944 0.7856118780235444 0.013813516508343416 0.010310791335136215
0 0.704018035391536 0.14030375676317738 0.012991322930778537 0.009520450668363534
0 0.5124701860027914 0.42418676607254213 0.013772572930778538 0.009529541335136216
0 0.7121891457500154 0.6407037461011772 0.011387879353213748 0.008721019334818081
0 0.05875204375927896 0.34073463534372683 0.01858290366347313 0.011927835335772663
0 0.8543124479885791 0.5391696127864035 0.012128185775648604 0.007948860001590674
0 0.7265282847141675 0.590840106102768 0.012169129353213747 0.008730110001590852
0 0.2740960035065029 0.5574334287078162 0.011428822930778538 0.00950226933481808
0 0.27294958333468644 0.5793084287078163 0.015376016508343415 0.010328972668681758
0 0.7562567282917323 0.5904043014401315 0.01623915366347308 0.011900563335454528
0 0.47622399027751994 0.6981509774029059 0.012950379353213748 0.008739200668363622
0 0.3347612658309749 0.4440072753819068 0.014635710085908294 0.011101132001908987
0 0.4862628900958058 0.35743507073517866 0.013772572930778538 0.009529541335136216
0 0.5259318204443877 0.495480510741542 0.014553822930778537 0.009538632001908987
0 0.3520173648810352 0.38323340738381584 0.012991322930778537 0.009520450668363534
0 0.47874139642738384 0.18771291673295148 0.01467665366347326 0.011882382001908987
0 0.8794795443251058 0.5511883547899034 0.012991322930778537 0.009520450668363623
0 0.8500011635015541 0.38277416211804 0.014553822930778537 0.009538632001908987
0 0.9188573841029122 0.306966187460176 0.016198210085908472 0.011119313335454439
0 0.7842799089789985 0.5031770214433131 0.014512879353213748 0.008757382001908986
0 0.018334004411014116 0.5302238493395907 0.01541696008590826 0.011110222668681757
0 0.6055529641582382 0.751249800087496 0.012950379353213748 0.008739200668363622
0 0.40422723880718187 0.5206430480585428 0.011428822930778538 0.00950226933481808
0 0.14630079489093273 0.7435607380251351 0.013772572930778538 0.009529541335136216
0 0.715834203415646 0.3921571580999045 0.013772572930778538 0.009529541335136305
0 0.6113072399388356 0.9248600227561777 0.012909435775648603 0.007957950668363623
0 0.5187710956591584 0.46803676340704203 0.012991322930778537 0.009520450668363623
0 0.3369578516520521 0.5214237507160886 0.013854460085908293 0.011092041335136216
0 0.5396800599289381 0.561305505410542 0.010483798620519024 0.006368178668045487
0 0.3815499773872212 0.6102777127227702 0.01134693577564878 0.00793976933481808
0 0.7646269075086604 0.3262781667727224 0.013772572930778538 0.009529541335136216
0 0.5900551961795567 0.5845617394175415 0.011305992198083814 0.007158519334818081
0 0.6733269623492157 0.8005054600970409 0.015376016508343327 0.010328972668681758
0 0.7060863099289382 0.5632418174331317 0.013731629353213749 0.008748291335136216
0 0.56675157225341 0.4474884534134054 0.012210072930778536 0.009511360001590852
0 0.44269776006522366 0.8158015540658606 0.010606629353213748 0.008711928668045488
0 0.6397619470840679 0.5609066107574504 0.013772572930778538 0.009529541335136216
0 0.33124792571448436 0.9137839733847704 0.01138787935321357 0.008721019334818081
0 0.5937080613992761 0.7386043494191324 0.02022729081860284 0.013508516669318026
0 0.40861376639680175 0.6457703173933609 0.013032266508343326 0.010301700668363622
0 0.9083924383776406 0.5812303907940396 0.015416960085908472 0.011110222668681757
0 0.41694075927225416 0.18855725405790644 0.014635710085908294 0.011101132001908987
0 0.6605204251486575 0.7167117154280411 0.010524742198083813 0.007149428668045488
0 0.5542195154922906 0.6716981127466327 0.009743492198083814 0.007140338001272717
0 0.09555824570458685 0.5483204160168629 0.009702548620519025 0.006359088001272539
0 0.16147981682634308 0.5881738040260898 0.008221935775648781 0.007903406667727176
0 0.07168033243017528 0.6011999680139993 0.007317855042954147 0.005550566000954582
0 0.09849513794809925 0.6265272320178173 0.00801721788782439 0.0039971566677273525
0 0.11746090117708227 0.48838234201940817 0.009825379353213658 0.008702838001272539
0 0.19902740445644262 0.6175345873647258 0.006413774310259512 0.0031977253341818113
0 0.18312244346602322 0.6525272053628168 0.00567346788782439 0.003969884667409218
0 0.21355024988845833 0.653662991366953 0.004110967887824302 0.003951703333863676
0 0.3445888879480993 0.629390792051225 0.01763787935321366 0.008793744668999893
0 0.3773670884230691 0.6602595313892247 0.007195024310259512 0.0032068160009544044
0 0.40820765264742037 0.6684356580601335 0.010483798620519024 0.006368178668045487
0 0.39380763794809925 0.6299635040579064 0.00801721788782439 0.0039971566677273525
0 0.4770705173013129 0.6223333647358149 0.004110967887824302 0.003951703333863676
0 0.4827473072154046 0.6333435900699967 0.006372830732694723 0.002416475334181811
0 0.43836322139432743 0.555436218730088 0.010524742198083813 0.00714942866804531
0 0.40164447139432735 0.55500895739177 0.006536605042954236 0.005541475334181811
0 0.4363370539360442 0.5046004247294517 0.008921298620519024 0.006349997334499946
0 0.44661945669500625 0.5172276940642698 0.012128185775648781 0.007948860001590851
0 0.386217545229617 0.5212152127227702 0.005714411465389269 0.004751134667409218
0 0.4092865530315331 0.5285191827259519 0.008140048620519025 0.006340906667727353
0 0.5116646025565632 0.49922312873963304 0.008140048620519025 0.006340906667727175