0 0.6121890775927424 0.2296487270500332 0.004892088479802048 0.00724957382131759
0 0.7641416856685858 0.37042777667852966 0.006568248746358663 0.011228598428423452
0 0.17981214977520843 0.3992079797361203 0.007326766693047437 0.010483735731976297
0 0.745842663565262 0.2523691354460353 0.01378135517284953 0.01780608416039975
0 0.5922509991420701 0.13591799772819763 0.006590980799670021 0.012009848428423408
0 0.5832851761016743 0.15041714537083278 0.004983016693047304 0.01037457382131759
0 0.570679876022532 0.1204942049241267 0.007326766693047304 0.010483735731976385
0 0.5674555876218722 0.14411364144189134 0.005741534639736123 0.009629711124870478
0 0.5739496285298145 0.09843726840636205 0.004983016693047482 0.010374573821317568
0 0.604492586368231 0.1533409381749037 0.005696070533113407 0.008067211124870521
0 0.6263221222616083 0.15075959367542166 0.004088106426490689 0.0064319365177646585
0 0.5923024749271754 0.19145952233530344 0.003375052586424765 0.008739299214211727
0 0.5573137094877691 0.17196681369163233 0.006500052586424765 0.008884848428423409
0 0.604273626022532 0.11892955087135078 0.004937552586424765 0.00881207382131759
0 0.5796146068222021 0.13181269458504447 0.006659176959604096 0.014353598428423408
0 0.5596454361308041 0.06389960256676183 0.012264319279472247 0.01929580955329393
0 0.5387706464765032 0.09929344706624384 0.0034887128529813793 0.012645549214211727
0 0.529753347651002 0.05825107010177313 0.004960284639735945 0.009593323821317567
0 0.5934581464765032 0.09674633581753883 0.004960284639736123 0.009593323821317567
0 0.5759213054894186 0.11242699379925618 0.0072585705331134065 0.008139985731976385