0 0.13168266204892337 0.7915249455488821 0.011946070533113407 0.007880677693097127
0 0.5180283051602143 0.4843452672666098 0.011164820533113406 0.007876132513557366
0 0.07349808900852747 0.7771215570833965 0.01036083847980207 0.007090337334017605
0 0.39076214535587595 0.8031901951560986 0.008889266693047394 0.010206246974937726
0 0.3950548402621687 0.7899316710537978 0.00580973079967011 0.011750566256778682
0 0.43245188869195844 0.9011055203898678 0.0063863923198681505 0.004723861436318444
0 0.40613709276945115 0.8118748487468949 0.005696070533113407 0.007844316256778682
0 0.4338652199791174 0.2080276860809124 0.005718802586424765 0.008625566256778683
0 0.7761039149519172 0.6647832427715255 0.006568248746358663 0.010973861436318445
0 0.7461974546062182 0.6989900711285525 0.012309783386094963 0.020380677693097128
0 0.6030842329112411 0.16603614968197128 0.007349498746358663 0.010978406615858294