0 0.3794788859375 0.4314804 0.383407378125 0.43528445 0.3868738875 0.4347213984375 0.3870394203125 0.433136165625 0.3827115609375 0.42858949375 0.379265284375 0.43031172656249994 0.3794788859375 0.4314804
0 0.3945204515625 0.44130587343750005 0.40207339218750004 0.442526578125 0.40181930625 0.4390385671875 0.39562934843750003 0.4384604625 0.3945204515625 0.44130587343750005
0 0.43735063125 0.4278030765625 0.44471021093749996 0.429014775 0.444646953125 0.425390753125 0.43826363593749995 0.4248036421875 0.43735063125 0.4278030765625
0 0.45197911093750004 0.447168425 0.44648921562500005 0.44242273125000003 0.44286223593749996 0.444861053125 0.44266887656250004 0.444852046875 0.447393571875 0.4499963203125 0.45197911093750004 0.447168425
0 0.48836565781249996 0.4517602125 0.49224925468749997 0.4529549171875 0.49661359843749997 0.44852328906250005 0.49349584531249996 0.44692955 0.48836565781249996 0.4517602125
0 0.5059697828124999 0.4424409265625 0.5043552484375 0.43845533437500006 0.5014764015625001 0.4394799765625 0.501542190625 0.44324901875 0.5034776546875 0.44348357812500006 0.5059697828124999 0.4424409265625
0 0.5513629328125 0.465122396875 0.5505313000000001 0.4617523890625 0.5410808390625 0.46247095 0.5413146828125 0.4647992921875 0.5513629328125 0.465122396875
0 0.33558893125 0.608509240625 0.33240543906250003 0.6049008921875 0.3302571578125 0.6062259437499999 0.33343773906249996 0.6096302234375 0.33575166875 0.6100434109374999 0.33558893125 0.608509240625
0 0.33923249218749996 0.6073562890625 0.3360572375 0.6042571859375 0.333638115625 0.6055691359375001 0.33559782031249996 0.60901851875 0.33722737812500003 0.6090944171875 0.33923249218749996 0.6073562890625
0 0.339760925 0.6143005640625 0.3412224203125 0.612537115625 0.3415784171875 0.6096024843750001 0.3393767984375 0.6078718734375 0.3366932984375 0.6095784046875 0.33821345625 0.6111757984375 0.3363301953125 0.612105809375 0.3366319015625 0.6138498984375 0.339760925 0.6143005640625
0 0.3380798140625 0.6112710531250001 0.3366950796875 0.6096804546875 0.3324907703125 0.6097895640625 0.33198804531250004 0.61210701875 0.3364662625 0.612112146875 0.3380798140625 0.6112710531250001
0 0.40010692187499997 0.6278983453125 0.39973314531250004 0.6298144203125 0.4019127875 0.6303233234375 0.406885971875 0.6276037421875 0.40658781875 0.6260632640625 0.40481152343750004 0.6253697015624999 0.40010692187499997 0.6278983453125
0 0.40150588593750003 0.630304371875 0.40208085000000005 0.63216266875 0.4045308484375 0.6325821953124999 0.4090976015625 0.6299451625 0.4085297453125 0.6284940906250001 0.406885971875 0.6276037421875 0.40150588593750003 0.630304371875
0 0.4357167390625 0.639122846875 0.4306386640625 0.6358331515625 0.42835916875 0.6373555390625001 0.43153732656250005 0.6406582249999999 0.43479821406249997 0.6409115812499999 0.4357167390625 0.639122846875
0 0.46353121249999996 0.6468296140625001 0.46889707343750003 0.6433140421875 0.46765195468750004 0.6419329078125 0.4661531390625 0.6415581718750001 0.4617442546875 0.645525209375 0.46353121249999996 0.6468296140625001
0 0.5709931 0.6467460984375 0.573537628125 0.6448296453125 0.5698229609375 0.6419088671875001 0.567278440625 0.6438258078125 0.5709931 0.6467460984375
0 0.5727395421875 0.6768479359375 0.577174440625 0.6744086968749999 0.574835625 0.672569728125 0.5702522140624999 0.6742897375 0.5701541375 0.6764225921875 0.5727395421875 0.6768479359375
0 0.56858888125 0.67227878125 0.5642011609375001 0.669632071875 0.56192634375 0.67145960625 0.5653671046875 0.6742661453125 0.568076134375 0.6739849375 0.56858888125 0.67227878125
0 0.631442140625 0.6273769703125 0.634323925 0.62924123125 0.63928821875 0.6260123703125 0.636818671875 0.6244727265625001 0.631442140625 0.6273769703125
0 0.6842513218749999 0.6211868984375 0.6863275437499999 0.6235225015625 0.69182591875 0.619809653125 0.6894871031250001 0.6179706828125 0.6842513218749999 0.6211868984375
0 0.6691480421875 0.6343232640625 0.6693644171875001 0.631178684375 0.6621855812499999 0.6318620484374999 0.661815359375 0.6339817390625 0.6691480421875 0.6343232640625
0 0.662499665625 0.5954448953125 0.665894196875 0.5956029984375 0.6659484859375 0.5909242765625 0.6628283515625 0.5909828890625 0.662499665625 0.5954448953125
0 0.6137515312499999 0.5855490140625 0.614131028125 0.5917674671875 0.6175386546875 0.5926384921875 0.61755674375 0.58592311875 0.6137515312499999 0.5855490140625
0 0.6899775046875 0.49058449375 0.6927935187500001 0.48868068750000004 0.68974544375 0.4850786453125 0.68555180625 0.48579908125 0.6899775046875 0.49058449375
0 0.624137821875 0.48100519531249997 0.6213725515624999 0.47802715625000003 0.618284403125 0.4799182875 0.6207806203125 0.48298576249999997 0.62336780625 0.4835131578125 0.624137821875 0.48100519531249997
0 0.6393185625 0.503387971875 0.6353413 0.5009638265625 0.632666046875 0.50318009375 0.63529768125 0.5062538765625 0.6384089281249999 0.5056859859375 0.6393185625 0.503387971875
0 0.757283878125 0.5142758546875 0.757643428125 0.5115448375 0.7511163109375001 0.5107319671874999 0.7503474265625 0.5133419531250001 0.757283878125 0.5142758546875
0 0.1577378796875 0.836234840625 0.1579707421875 0.8376498171875 0.16005822812499998 0.8380592890624999 0.1627298203125 0.836155096875 0.164973846875 0.8336069875 0.1622586328125 0.8330121546875 0.1577378796875 0.836234840625
0 0.15897631875 0.8356680296875 0.161626109375 0.8325148140625 0.1595270734375 0.8314808015624999 0.1566559703125 0.8338435796875 0.1577269703125 0.835609840625 0.15897631875 0.8356680296875
0 0.05545692343750001 0.7728283125 0.053791703125 0.77518139375 0.0572533609375 0.7780298890624999 0.059985132812499994 0.7781571234375 0.05994937031250001 0.7761082953125 0.05545692343750001 0.7728283125
0 0.060531021875 0.7801013984375 0.06439105625 0.7764429953125 0.061281724999999995 0.7742510140625 0.059445940625000006 0.7765966375 0.059304421875 0.7782532437499999 0.060531021875 0.7801013984375
0 0.05947946093749999 0.7785170484374999 0.0565681765625 0.7778696609375 0.054009220312499995 0.777878790625 0.055238053125 0.7798548734375 0.060023128125000005 0.78033388125 0.05947946093749999 0.7785170484374999
0 0.055406393750000005 0.7797348875 0.055622320312499994 0.7823038984374999 0.059557693749999994 0.7829989828125 0.059859262499999996 0.7807102125000001 0.055406393750000005 0.7797348875
0 0.052375946875 0.7820248703125 0.05596569999999999 0.7824477171875001 0.0547100453125 0.7789350140625 0.0519782734375 0.7788077796875 0.052375946875 0.7820248703125
0 0.05510771875 0.7821521046875 0.055318518750000004 0.7844647359375 0.0582096890625 0.7839597781250001 0.057675623437500004 0.7826556703125 0.05510771875 0.7821521046875
0 0.052777445312500004 0.7854982781250001 0.05482850625 0.785721634375 0.0554935671875 0.7847290296875 0.0547726296875 0.7825204625 0.0520453234375 0.7826490890625 0.052777445312500004 0.7854982781250001
0 0.0473851890625 0.7483703968750001 0.05081676875 0.747669596875 0.050068659375000005 0.744277134375 0.047769624999999996 0.7440837 0.0473851890625 0.7483703968750001
0 0.051242376562500004 0.75233798125 0.0509418765625 0.7482779609375 0.0473836890625 0.748284459375 0.0472320765625 0.7527542234375 0.048846159374999996 0.7531733593750001 0.051242376562500004 0.75233798125
0 0.048504765625 0.7533296828125 0.0458591796875 0.7530342375 0.046016525 0.755452203125 0.048545378125 0.75565634375 0.051622871875 0.75442189375 0.0507872578125 0.7525753625 0.048504765625 0.7533296828125
0 0.0515458921875 0.7565708546875001 0.050145934375 0.7553005765624999 0.05003135156250001 0.7552952390625001 0.046727039062499996 0.7566908578125 0.046300490625 0.758564959375 0.04928596875 0.7586181421875 0.051563943749999994 0.7576050328124999 0.0515458921875 0.7565708546875001
0 0.2309049671875 0.529635609375 0.22540634375000002 0.5262160640625 0.2231100125 0.5281899390625 0.2267214203125 0.5316050140625 0.22959634843750001 0.5309895234375 0.2309049671875 0.529635609375
0 0.2312265484375 0.5798485140625 0.22919310468749998 0.577839346875 0.2228245640625 0.581788296875 0.2208420109375 0.5826946578125 0.2232087953125 0.5847198375 0.2312265484375 0.5798485140625
0 0.21857994062500002 0.5802586765625 0.22072842499999998 0.5825229984375 0.226212659375 0.5787826578125 0.22407435000000003 0.57710134375 0.21857994062500002 0.5802586765625
0 0.1818701875 0.575635246875 0.185394328125 0.574050809375 0.1811075359375 0.5701051734375 0.1780265984375 0.5716268234374999 0.1818701875 0.575635246875
0 0.6498079671875 0.6887519796875 0.653704715625 0.6894330671875 0.653504671875 0.6843453609375 0.6498494921875 0.684758140625 0.6498079671875 0.6887519796875
0 0.8328625046875 0.588223546875 0.8364186484375 0.5884726046875 0.8363255781250001 0.5831405734375 0.8333247703125 0.5829173796875 0.8328625046875 0.588223546875
0 0.8989203890624999 0.6743669328124999 0.9031680859375 0.6720477765624999 0.9012631125 0.6697216140625 0.8962686718749999 0.6720059890625001 0.8968603249999999 0.673851403125 0.8989203890624999 0.6743669328124999
0 0.7732841875 0.76178905 0.7766624531249999 0.763065115625 0.7790058296875 0.7584198265625 0.7763858703125 0.7578782187499999 0.7732841875 0.76178905
0 0.5281072359375 0.8754481578125001 0.5303026171874999 0.8733183375 0.5256141953125 0.8711464828125 0.5237748046874999 0.8723166250000001 0.5281072359375 0.8754481578125001
0 0.525474303125 0.8737906421874999 0.5232186484375 0.87243025625 0.5198945421875 0.8738098296875 0.5230860703125 0.8754933609375 0.52531491875 0.8753181031249999 0.525474303125 0.8737906421874999
0 0.1779961351446221 0.22452061869230308 0.01890000446422686 0.00946704528527027
0 0.016904676540479908 0.2529259468568469 0.008716480925276526 0.007431510339082248
0 0.05863820900788399 0.2736044739451521 0.008716480925276526 0.007431510339082159
0 0.06525640178371359 0.2949893223735755 0.008689207386326192 0.0058690103390822475
0 0.039911528406919014 0.31878854135632884 0.008689207386326192 0.0058690103390822475
0 0.289829707790068 0.32574497849326606 0.01189602800317715 0.010702059553293886
0 0.27994619317957137 0.340896943547078 0.004782957386326192 0.005687073821317589
0 0.3159382402574721 0.3456957595105127 0.008675570616851046 0.005087760339082159
0 0.3403342682606493 0.3569800159206535 0.007126707386326192 0.005796235731976296
0 0.29544450811437956 0.3790883023145836 0.008689207386326192 0.005869010339082159
0 0.31197348903965605 0.3868836856891951 0.009470457386326191 0.005905397642635179
0 0.3950842236183806 0.2736624017764644 0.01108750446422686 0.009103172249741043
0 0.34226318668674965 0.24388070243841814 0.009484094155801337 0.00668664764263518
0 0.30029387499835236 0.25441578804655995 0.008689207386326192 0.0058690103390822475
0 0.2525927605500115 0.2943472752262784 0.008702844155801337 0.006650260339082248
0 0.27083424593951494 0.3108091832079958 0.009470457386326191 0.005905397642635179
0 0.39185981209213905 0.31254296525869973 0.011101141233702094 0.009884422249741042
0 0.397001279624735 0.2940476763835702 0.008702844155801337 0.006650260339082248
0 0.42535810470581287 0.3086388693114756 0.005564207386326103 0.005723461124870433
0 0.4052228827089902 0.31784904941909947 0.004782957386326103 0.005687073821317589
0 0.41655584902377 0.3410147216688405 0.012622730925276571 0.007613446856846906
0 0.3635535799490466 0.34557163502724136 0.012609094155801337 0.006832196856846906
0 0.3305325742670037 0.3768194809744654 0.011882391233702095 0.009920809553293886
0 0.3315047390396561 0.3877933682780183 0.011060230925276571 0.007540672249741043
0 0.3495416728870319 0.3925365262597357 0.008689207386326192 0.0058690103390822475
0 0.3737058758091313 0.3905395326698765 0.011046594155801337 0.006759422249741043
0 0.44893770089020907 0.4073139638109577 0.009470457386326103 0.005905397642635179
0 0.47032177718910306 0.3802078083104396 0.01343125446422686 0.009212334160399748
0 0.506631424104848 0.35848051157742733 0.01186875446422686 0.009139559553293885
0 0.5125638242670038 0.38529772270229784 0.010306254464226861 0.009066784946188022
0 0.5011450831954575 0.40193941314900383 0.008743754464226861 0.008994010339082158
0 0.5857558624164507 0.3746556292362731 0.010347164772652384 0.01141053494618811
0 0.5616541148520826 0.2907878974332382 0.009511367694751627 0.00824914764263518
0 0.4900461217519414 0.21329429011347453 0.013485801542127617 0.01233733416039975
0 0.5963097585214167 0.21902421339667288 0.017378414772652385 0.011738020678164407
0 0.4280682731319132 0.1955759431327932 0.028438645697928776 0.01927869292790545
0 0.5276455332781829 0.1760147679875681 0.02220228246740419 0.019768844499481998
0 0.5563723254848197 0.34596554900481474 0.011855117694751626 0.008358309553293886
0 0.632856959007884 0.30034914205655466 0.008003414772652383 0.011301373035529316
0 0.6697705779204517 0.26850198262709524 0.011060230925276571 0.007540672249741043
0 0.9063199581971052 0.18038136021073853 0.007976141233702095 0.009738873035529316
0 0.8641654602256998 0.26974992121177455 0.009565914772652206 0.011374147642635179
0 0.8057080779204517 0.27483337344530484 0.016501707386326104 0.006232883374611475
0 0.3165285754848197 0.3347946468140656 0.011060230925276571 0.007540672249741043
0 0.27188823132901835 0.3264705705115487 0.007907957386326192 0.005832623035529316
0 0.392650744721699 0.3578554652586997 0.009484094155801337 0.00668664764263518
0 0.6214206270269472 0.3607044451997078 0.014226141233702094 0.010029971463952769
0 0.6554137974816425 0.3404304865560367 0.005564207386326103 0.005723461124870521
0 0.658801850241586 0.31092492307380126 0.011855117694751626 0.008358309553293886
0 0.6876535531636854 0.3091462533052597 0.009511367694751627 0.00824914764263518
0 0.528997347805954 0.3876243560769093 0.007140344155801337 0.006577485731976385
0 0.5436325921239111 0.421091827540862 0.0071539809252765705 0.0073587357319762955
0 0.5633411201270884 0.4321577601296852 0.01580227800317715 0.010883996071058633
0 0.5566916996723931 0.4537052743977089 0.009470457386326103 0.005905397642635179
0 0.5310877276755704 0.46266074338046226 0.011073867694751627 0.008321922249741043
0 0.4484252321397973 0.46739743920385185 0.008702844155801515 0.006650260339082337
0 0.4007826189092724 0.4659590636871231 0.008702844155801337 0.006650260339082337
0 0.3951735470746054 0.5023867152586996 0.015788641233702095 0.010102746071058632
0 0.4807428542987758 0.48529556864952184 0.01186875446422686 0.009139559553293885
0 0.49269342937985366 0.49912262820281583 0.009511367694751627 0.00824914764263518
0 0.525615023535655 0.5069008949520388 0.009538641233702095 0.00981164764263518
0 0.34290193506189653 0.4593601532242064 0.011046594155801337 0.006759422249741043
0 0.35893603814615166 0.48352539929526495 0.012609094155801337 0.006832196856846906
0 0.3695286647693571 0.508998434241453 0.012636367694751715 0.008394696856846906
0 0.41556786769145637 0.5080202851510759 0.008730117694751627 0.008212760339082336
0 0.44158094277253424 0.5225023161683225 0.012690914772652207 0.011519696856846905
0 0.283263882301953 0.4862458308506309 0.01267727800317724 0.010738446856846906
0 0.23104286322722958 0.49083913151258474 0.013499438311602673 0.013118584160399748
0 0.11858772767557038 0.4434482471045159 0.01343125446422686 0.009212334160399748
0 0.15829115584090334 0.48198636228216235 0.014966480925276571 0.0077226087675057896
0 0.12825878246410877 0.5055672574435981 0.015007391233702006 0.010066358767505612
0 0.013514443990350294 0.4611922111248705 0.011155688311602718 0.013009422249741043
0 0.08637129139256253 0.5207898430517399 0.013417617694751693 0.00843108416039975
0 0.07542983725264722 0.564775283498446 0.015021028003177195 0.010847608767505613
0 0.2625070973989169 0.5492894863511489 0.009565914772652385 0.011374147642635179
0 0.2533951501588605 0.5192017260120666 0.01189602800317724 0.010702059553294063
0 0.17297303895693056 0.6075685591390092 0.01344489123370205 0.009993584160399749
0 0.24660540786949822 0.5774316029765374 0.01655625446422686 0.009357883374611475
0 0.23998721509366866 0.5560467545481139 0.01499375446422686 0.009285108767505611
0 0.2379258831127319 0.6168387053339023 0.015034664772652384 0.01162885876750579
0 0.24224519033690228 0.5959632791552198 0.011060230925276571 0.007540672249741043
0 0.310967916797952 0.5976028618678775 0.011169325081077907 0.013790672249740865
0 0.2841520466675683 0.6712929189399721 0.013499438311602673 0.013118584160399748
0 0.29872306127806486 0.6563592777074778 0.006372730925276571 0.007322348428423453
0 0.2961338494275118 0.6421876157968189 0.009470457386326103 0.005905397642635179
0 0.31990258603483124 0.6175343722069597 0.007140344155801337 0.006577485731976296
0 0.34125938879477474 0.5888657167064417 0.01655625446422686 0.009357883374611475
0 0.399190665580136 0.6430844898658055 0.00955227800317715 0.01059289764263518
0 0.3791509009696394 0.6577634199734295 0.011882391233702005 0.009920809553294063
0 0.3244048997518234 0.6965861714211715 0.013513075081077908 0.013899834160399749
0 0.5013593173671449 0.45893427584545093 0.01665171185055314 0.014826633374611476
0 0.574506491068251 0.4904432950758733 0.014980117694751627 0.008503858767505612
0 0.522022419233584 0.5246877084342743 0.010306254464226861 0.009066784946188022
0 0.583088378648505 0.6243281435042968 0.012609094155801337 0.006832196856846906
0 0.4334196152558244 0.5915969185256873 0.01027898092527657 0.007504284946188022
0 0.595715063713697 0.5874467276646966 0.00949773092527657 0.00746789764263518
0 0.6265656432590017 0.6107408325032607 0.010238070616851048 0.0051605349461880225
0 0.6124895064895265 0.6093046110393081 0.006400004464226861 0.008884848428423454
0 0.5756480255642499 0.6005631577723204 0.0048647780031771505 0.01037457382131759
0 0.6363809740221223 0.5916826174494488 0.008702844155801337 0.006650260339082337
0 0.647291200483172 0.5906295396991899 0.00793523092527657 0.0073951230355293164
0 0.6281457341683921 0.5670999944139196 0.011814207386326103 0.006014559553293886
0 0.6461008473989169 0.5671556523956369 0.01186875446422686 0.009139559553293885
0 0.6108394573830309 0.514773361039308 0.011060230925276571 0.007540672249740865
0 0.5769962913925626 0.5436410696829792 0.01108750446422686 0.009103172249741043
0 0.6144281075451866 0.5414814102535198 0.010333528003177151 0.010629284946188023
0 0.6203917353862082 0.5253662586819432 0.012663641233702094 0.009957196856846906
0 0.5345360560030592 0.526051155291121 0.013417617694751627 0.00843108416039975
0 0.536330381084137 0.5394051798982269 0.011019320616851047 0.005196922249741043
0 0.6897144797041653 0.5613808413946009 0.011046594155801514 0.006759422249740865
0 0.7384383518631438 0.5800431042148825 0.013390344155801337 0.006868584160399749
0 0.7341190446389734 0.6009185303935649 0.011046594155801337 0.006759422249740865
0 0.7865349326262645 0.562767867035164 0.009456820616851047 0.005124147642635179
0 0.7784906075451866 0.5491227439996347 0.01184148092527657 0.007577059553294063
0 0.8105764046230874 0.5537396234453048 0.01260909415580116 0.006832196856846906
0 0.7565667889569305 0.6347498748930469 0.01502102800317715 0.01084760876750579
0 0.8696883518631437 0.5861561712117744 0.012650004464227038 0.009175946856846907
0 0.8670991400125907 0.5719845093011158 0.011868754464227037 0.009139559553293885
0 0.9758622597359373 0.6761883198878669 0.006400004464227038 0.008884848428423454
0 0.9974244630658976 0.7163424389944548 0.005151073868204748 0.006723034946188022
0 0.9847520645244756 0.7382709429233962 0.011868754464227037 0.009139559553293885
0 0.6095611497518234 0.7098675372179905 0.015788641233702095 0.010102746071058632
0 0.6355020868456102 0.7649381809316841 0.01577500446422686 0.009321496071058633
0 0.7054327573003054 0.7463380382514477 0.01811875446422686 0.009430657981717338
0 0.62217419804754 0.6722048713783902 0.019735801542127618 0.012628432588823202
0 0.6753401083559656 0.6770229580199894 0.01661080154212762 0.012482883374611476
0 0.6616282102224047 0.7411753492524837 0.01108750446422686 0.009103172249740865
0 0.5182815848170153 0.6681466100058507 0.017419325081077908 0.014081770678164319
0 0.3793845004004465 0.8053105080627706 0.01502102800317715 0.01084760876750579
0 0.3945691696373258 0.8255331168302764 0.017323867694751627 0.008613020678164673
0 0.35412144764050296 0.833797227045524 0.011073867694751716 0.00832192224974122
0 0.3152089521047298 0.8405716118678775 0.01577500446422686 0.009321496071058633
0 0.26594929179630433 0.8359354617440431 0.010306254464226861 0.009066784946188022
0 0.3499288254815244 0.8172090405277593 0.011073867694751716 0.008321922249740866
0 0.3491572581110843 0.8624487659206534 0.019640344155801338 0.007159682588823202
0 0.297031696422687 0.8725108165826072 0.013458528003177239 0.010774834160400103
0 0.2709640742637084 0.8549037855653605 0.012650004464226861 0.009175946856846907
0 0.20822829504271523 0.8832064139775735 0.015747730925276572 0.007758996071058277
0 0.09898393424782237 0.7961537160872693 0.018940914772652383 0.011810795285270358
0 0.5666078108710279 0.8429133236119206 0.016569891233702096 0.010139133374611475
0 0.4960458948805594 0.8700708289886041 0.01186875446422686 0.009139559553293708
0 0.7794570438281945 0.4703256559102936 0.01189602800317715 0.010702059553294063
0 0.7155990953703221 0.4790606470189534 0.012650004464226861 0.009175946856846907
0 0.9186013644450455 0.4814900959427149 0.014198867694751982 0.008467471463952592
0 0.8799791952081663 0.4601758680686213 0.011073867694751627 0.008321922249741043
0 0.9456860158250173 0.4679199015670674 0.01418523092527657 0.007686221463952592
0 0.8776666728870322 0.41713434346151546 0.013431254464227039 0.009212334160399748
0 0.23047980153883224 0.5033027442090316 0.011060230925276571 0.007540672249740865
0 0.3738791996723932 0.4451906453663236 0.00793523092527657 0.007395123035529139
0 0.5956314687471166 0.4484933895753553 0.013390344155801337 0.006868584160399749