0 0.350255030416594 0.34000204375927895 0.0072585705331134065 0.008180992198083903
0 0.5770508626281898 0.38992904342059476 0.009556856426490689 0.006741322930778537
0 0.7112202403000746 0.6716183774326497 0.004914820533113406 0.008058161465389091
0 0.772932978621592 0.6143956976498947 0.006590980799670021 0.012046298620519025
0 0.74616589014179 0.6087565292871006 0.007326766693047304 0.010524742198083813
0 0.7496007787007344 0.6461336985544059 0.015366587226160888 0.018746677973732594
0 0.7650342474262105 0.4504969719601542 0.0033977846397361235 0.009538774310259512
0 0.762204764119258 0.4608169962704137 0.0033977846397359457 0.009538774310259512
0 0.727749544602359 0.3522984893730087 0.006568248746358663 0.011265048620519025
0 0.7028224377801567 0.19476927238969552 0.007281302586424588 0.008962242198083902
0 0.655066899379497 0.22074527419871784 0.012772784639735945 0.010030097241038049
0 0.6683792416202228 0.19422703980255007 0.005741534639736123 0.009661605042954147
0 0.657972939033798 0.1861655563108935 0.004065374373179509 0.00567346788782439
0 0.6307883134069774 0.19306733152566413 0.00486935642649069 0.006495661465389269
0 0.597103635193732 0.1917029053609538 0.006613712852981379 0.012827548620519024
0 0.6000156865265156 0.21111132462825916 0.005696070533113407 0.008099105042954146
0 0.5963822211662516 0.2206910425160835 0.006500052586424765 0.008921298620519024
0 0.4955411351937321 0.19702557044438765 0.005718802586424765 0.008880355042954147
0 0.4860668467930723 0.22099533695273105 0.0072585705331134065 0.008180992198083903
0 0.48399588143280836 0.2304931676854257 0.005696070533113407 0.008099105042954146