0 0.17924143769621273 0.7128249466536897 0.008921298620519024 0.006600168479069168
0 0.6172051051544958 0.679997789580508 0.0060419600859081156 0.011160334486680412
0 0.48683377317860577 0.42366026486592867 0.008344766508343326 0.01047458498097189
0 0.5428734905006032 0.6301941077555661 0.00612384724103805 0.012722834486680412
0 0.5924851503841128 0.16368704007479962 0.0060829036634732605 0.011941584486680368
0 0.5657522320213186 0.18910353414330056 0.007481629353213748 0.008880251482874746
0 0.45069379805469206 0.22495350942872122 0.007563516508343327 0.01044275148287479
0 0.4328202233148913 0.1665361729648745 0.0060419600859081156 0.011160334486680367
0 0.5938495765488231 0.1302206240671884 0.0069050972410380496 0.012754667984777557
0 0.712186818746907 0.14205873227986493 0.008221935775648604 0.008130834980971979
0 0.7317600915868285 0.3221600677551285 0.010030097241038049 0.012882001977166357
0 0.478995860470021 0.16997684935260904 0.00686415366347326 0.011973417984777556
0 0.520402110470021 0.1716640247517604 0.007399742198083814 0.0073177514828747904
0 0.5072027476251508 0.17268535528410808 0.006164790818602839 0.013504084486680367
0 0.49697125452255575 0.14108518680503893 0.006741322930778537 0.009629667984777556
0 0.4896910210308992 0.15092310182406696 0.007809177973732595 0.01513025148287479
0 0.48143146370395284 0.12719910034119222 0.0060419600859081156 0.011160334486680367
0 0.4721250627540131 0.18762726437163707 0.0067003793532137475 0.008848417984777557
0 0.47145999943417305 0.2195630138773455 0.00998915366347326 0.012100751977166358
0 0.4612152182265087 0.2472105114058875 0.006001016508343326 0.010379084486680411
0 0.4646644448207603 0.26839976190017917 0.006659435775648781 0.008067167984777513