0 0.9503276328597167 0.5168292372008902 0.012950379353213748 0.00895746285298138
0 0.4715519369073025 0.37942880641385546 0.01134693577564878 0.008130748746358751
0 0.42906346449692234 0.5054744808661772 0.010483798620519024 0.006545516693047304
0 0.7062733384230692 0.6339187634608491 0.012128185775648604 0.00815348079967002
0 0.6107771319552053 0.5508909662847008 0.010524742198083813 0.0073267666930474816
0 0.46980905246570626 0.30849418078703483 0.01373162935321357 0.008980194906292737
0 0.3795890869527311 0.4671310463847256 0.009702548620519025 0.006522784639736124
0 0.46639304613412824 0.4778663064138554 0.013731629353213749 0.008980194906292737
0 0.5090452928547679 0.3486956319615338 0.013813516508343327 0.010542694906292737
0 0.42825788105069423 0.5803835526529317 0.011305992198083814 0.007349498746358663
0 0.3214423942796773 0.4454211824363874 0.011305992198083814 0.007349498746358663
0 0.8532412709193575 0.4939122259181191 0.01130599219808417 0.007349498746358663
0 0.6653705359573628 0.3129446854058884 0.010524742198083813 0.0073267666930474816
0 0.4703192282917323 0.5666787538274307 0.014635710085908294 0.011346676959604096
0 0.32759506049476494 0.7447846849436699 0.012909435775648782 0.008176212852981379
0 0.8795514654014335 0.4681848002121563 0.010524742198083813 0.0073267666930474816
0 0.7402366598835096 0.4472765698081975 0.013073210085908116 0.01130121285298138
0 0.8241126136378398 0.6031879375174594 0.014594766508343326 0.010565426959604097
0 0.31447202001484637 0.5337706285963215 0.010524742198083904 0.007326766693047304
0 0.5771391163513732 0.5378286766303997 0.012169129353213747 0.008934730799670021
0 0.7923867373368438 0.31548936071613987 0.013032266508343326 0.010519962852981467
0 0.2231919227738083 0.548907546780437 0.01216912935321357 0.008934730799670021
0 0.6193022829051451 0.6114874854850306 0.010565685775648781 0.008108016693047481
0 0.7587310323393183 0.40695544668865935 0.012128185775648604 0.00815348079967002
0 0.6808815920411136 0.5379303135399914 0.009784435775648604 0.008085284639736123
0 0.48024418419376913 0.451721343560874 0.014553822930778537 0.009784176959604096
0 0.8517683813893786 0.34340376055785526 0.011305992198083814 0.007349498746358751
0 0.5496891457500153 0.61507313822974 0.011305992198083814 0.0073494987463588405
0 0.42737148971169303 0.47822165907942243 0.010524742198083813 0.007326766693047304
0 0.8075060470386394 0.4437591132234223 0.009702548620519025 0.006522784639736124
0 0.6099306049314125 0.6265812880714554 0.01134693577564878 0.008130748746358663
0 0.377104816826343 0.5740713681714802 0.01134693577564878 0.00813074874635884
0 0.7880855031678188 0.7547875414366677 0.012950379353213748 0.00895746285298138
0 0.656998113976524 0.3833935777257564 0.013731629353213749 0.008980194906292826
0 0.8537824242441463 0.7068524951184492 0.011387879353213748 0.008911998746358663
0 0.3864078957500154 0.6198241373718101 0.010524742198083813 0.0073267666930474816
0 0.372342073723748 0.6054122963847256 0.008921298620519024 0.006500052586424765
0 0.5288786787667021 0.5953971357224574 0.013813516508343327 0.010542694906292737
0 0.4234796070791191 0.3589859257724699 0.012169129353213747 0.00893473079967011
0 0.4067170737237481 0.6044120860390265 0.012169129353213747 0.008934730799670021
0 0.24586254014123438 0.42889892366089893 0.012210072930778536 0.00971598079967002
0 0.6271921845324533 0.22278869833801207 0.012128185775648604 0.008153480799670109
0 0.5340076713034703 0.3635704742022595 0.014512879353213748 0.009002926959604095
0 0.4220189263918529 0.44639499755922457 0.009825379353213749 0.008866534639736124
0 0.6266168159218319 0.59099312905854 0.010565685775648781 0.008108016693047304
0 0.7243140094993967 0.5873703723946223 0.00978443577564878 0.008085284639735946
0 0.81076824513876 0.32197504143666766 0.011428822930778538 0.00969324874635884
0 0.6142662228646654 0.7075812354850306 0.014594766508343326 0.010565426959604097
0 0.853395079150815 0.4463241720780532 0.013813516508343327 0.010542694906292737
0 0.3126771466545265 0.5977876644896988 0.010524742198083904 0.007326766693047304
0 0.44092937867584514 0.4279034103330638 0.012128185775648781 0.00815348079967002
0 0.6529480218238687 0.475558345672445 0.009743492198083814 0.007304034639735946
0 0.5284625989385188 0.5735675998290801 0.013813516508343327 0.010542694906292737
0 0.42490939450681997 0.8675425718532616 0.011346935775648603 0.008130748746359018
0 0.9524677442342486 0.34203382568069235 0.012128185775648604 0.008153480799670109
0 0.6834455065587207 0.2359730084462842 0.011265048620519025 0.00656824874635884
0 0.736610370873929 0.412279444181377 0.010565685775648603 0.008108016693047304
0 0.8659846896208361 0.29540652975818515 0.012128185775648604 0.008153480799670109
0 0.7552873705352446 0.6363928941022348 0.012169129353213747 0.008934730799670021
0 0.6344945929456249 0.5150982187919831 0.011428822930778538 0.009693248746358662
0 0.7366646025565633 0.4707822659681316 0.012210072930778536 0.00971598079967002
0 0.26379258932758026 0.6226118197416906 0.012128185775648781 0.00815348079967002
0 0.7956412121220732 0.3426967183962718 0.013772572930778538 0.009761444906292738
0 0.7464291061746079 0.37377087364826356 0.01134693577564878 0.008130748746358751
0 0.245236261874246 0.7534215505413607 0.00978443577564878 0.008085284639735946
0 0.6610084260531687 0.6640980084462843 0.010565685775648781 0.008108016693047304
0 0.5820634752395145 0.8606296791376822 0.01936415366347326 0.012264319279472247
0 0.43289114936806 0.521744338546309 0.010565685775648781 0.008108016693047304
0 0.9417715044110142 0.5014770218406264 0.009784435775648604 0.008085284639735946
0 0.22708264190482813 0.2960553314201731 0.012128185775648781 0.008153480799670109
0 0.6916586397571216 0.5555580827403214 0.01216912935321357 0.008934730799670021
0 0.7809535131174414 0.48899505687607386 0.017020403663473082 0.01219612311953817
0 0.7072803177308542 0.5402824237274059 0.008962242198083814 0.007281302586424588
0 0.6417637810961228 0.6591975597790677 0.010524742198083813 0.007326766693047304
0 0.8297462172104559 0.4212703477840162 0.011346935775648603 0.008130748746358663
0 0.7155852199239894 0.3520466378340285 0.013772572930778538 0.009761444906292738
0 0.7079487030769617 0.5870664955141605 0.01138787935321357 0.008911998746358663
0 0.5810896319552054 0.5517547843105317 0.014594766508343326 0.010565426959604097
0 0.6783220788121307 0.6760751712201234 0.011387879353213748 0.008911998746358663
0 0.590203439620836 0.30343094457708836 0.009702548620519025 0.006522784639736124
0 0.5341913777713339 0.4493715818823915 0.014594766508343326 0.010565426959604097
0 0.6578789405253472 0.27727997004562444 0.012950379353213748 0.00895746285298138
0 0.27607458333468643 0.5668702851019545 0.012169129353213659 0.008934730799670021
0 0.449232122344267 0.5969345551602142 0.009661605042954057 0.005741534639736123
0 0.43752998247560376 0.6713806256933277 0.008880355042954235 0.005718802586424765
0 0.6991303030315331 0.5022966904204533 0.010606629353213748 0.008889266693047482
0 0.6989941841937691 0.44535636863369865 0.010606629353213748 0.008889266693047482
0 0.791928634668739 0.4730745401830264 0.010524742198083813 0.007326766693047304
0 0.8290944419956852 0.4485913657307048 0.00896224219808417 0.0072813025864247646
0 0.7901857502271425 0.4021399145562058 0.008962242198083814 0.0072813025864247646
0 0.9437544855278215 0.35944864621380573 0.008058161465389447 0.004914820533113406
0 0.8930960662605163 0.3585824796790429 0.008921298620519024 0.006500052586424765
0 0.5021534837187993 0.4206615601747791 0.018088258706427142 0.01768760517284953
0 0.5496050158309748 0.4231811549227874 0.014799484396167628 0.014471676959604097
0 0.727674704885984 0.538128890341311 0.012087242198083815 0.007372230799670021
0 0.5838937273872211 0.5875558919906636 0.016938516508343326 0.010633623119538171
0 0.3666475944159629 0.699185028438037 0.012950379353213571 0.00895746285298138
0 0.6393668786758451 0.42212946879198315 0.014390048620519024 0.006659176959604096
0 0.6755633282463037 0.4756803661264161 0.012046298620519025 0.006590980799670021
0 0.7482229002725711 0.4883873031151501 0.008880355042954058 0.005718802586424765
0 0.7564381919956852 0.4507054466886594 0.007276911465389268 0.004892088479802048
0 0.6416962613084192 0.5414106662055584 0.009702548620519025 0.006522784639735946
0 0.6659968984635489 0.539143472552907 0.008880355042954235 0.005718802586424765
0 0.554035809024427 0.5619026741231172 0.008921298620519024 0.006500052586424765
0 0.6160035425160835 0.57024035985821 0.010524742198083813 0.007326766693047304
0 0.5536639948000757 0.5541129061764286 0.008058161465389268 0.004914820533113406
0 0.5411053618288174 0.6597862446562306 0.010524742198083813 0.007326766693047304
0 0.6040557411820311 0.6493739303913234 0.008962242198083814 0.007281302586424588
0 0.6222900848050245 0.7330897008452946 0.008221935775648604 0.008039820533113407
0 0.797327706356322 0.7123954529568656 0.009702548620519025 0.006522784639736124