0 0.7217876322938898 0.36175130442399367 0.012169129353213747 0.00886650693385418
0 0.4647519810052657 0.5200313574262851 0.012950379353213748 0.008884690729444599
0 0.355112466644629 0.25387706772302115 0.014553822930778537 0.009702308320624997
0 0.9550361442796774 0.4782530458746189 0.014553822930778537 0.009702308320624908
0 0.8142351611267049 0.23953277193892433 0.014594766508343326 0.010483558320625086
0 0.8010646172558843 0.5505430071212855 0.012128185775648604 0.008085256933854267
0 0.3845842034156459 0.3930129561157642 0.012128185775648781 0.008085256933854179
0 0.47898489936806 0.5469575333380907 0.013772572930778538 0.009684124525034754
0 0.4595930902320914 0.6184688574262852 0.01134693577564878 0.008067073138263936
0 0.8560696997976013 0.5009800714258341 0.012909435775648603 0.008103440729444421
0 0.7513611883776405 0.5884962955902784 0.012991322930778537 0.009665940729444423
0 0.8360614942342487 0.3902237561713549 0.017020403663472905 0.012100609707395904
0 0.5222192429910534 0.6324417448690977 0.014594766508343326 0.010483558320624909
0 0.42052170341564593 0.393849410712917 0.01216912935321357 0.00886650693385418
0 0.7346993108334493 0.5482161344961117 0.013772572930778538 0.009684124525034577
0 0.6476253567404348 0.6126767183679519 0.012169129353213747 0.008866506933854268
0 0.8789373117379604 0.5273250190891327 0.011305992198083814 0.007285823138263936
0 0.739216392470655 0.5217263696784729 0.013813516508343327 0.010465374525034755
0 0.4318100062200364 0.4918875204203129 0.010524742198083813 0.007267639342673604
0 0.43482878561867866 0.5686136745806254 0.012210072930778536 0.009647756933854269
0 0.6470244911820311 0.683843203550313 0.011305992198083814 0.007285823138263936
0 0.42807417458283065 0.5183954690335421 0.010565685775648781 0.008048889342673605
0 0.47891737958035624 0.4288433129733685 0.013854460085908293 0.011246624525034754
0 0.32057925712454755 0.46505030385531276 0.012991322930778537 0.0096659407294446
0 0.32397757406243227 0.40020655385531273 0.012128185775648781 0.008085256933854267
0 0.3168401034610745 0.4766963186729516 0.012210072930778536 0.009647756933854269
0 0.6217433666900576 0.34534309479284775 0.012169129353213747 0.00886650693385418
0 0.6212310323393183 0.4446709475663894 0.011387879353213748 0.008848323138263937
0 0.6337586878118137 0.3847329031134728 0.012128185775648604 0.00808525693385409
0 0.5635280749669433 0.38153386151034774 0.011387879353213748 0.008848323138263937
0 0.4002468249669434 0.3777334482319795 0.010565685775648781 0.008048889342673605
0 0.4502468249669434 0.37889721114975733 0.012087242198083815 0.007304006933854179
0 0.3175151328597166 0.5533679214464934 0.011305992198083903 0.007285823138263936
0 0.5113669521724505 0.645486605526424 0.016979460085908293 0.011319359707395903
0 0.6536883282463037 0.5119136521635422 0.011346935775648603 0.008067073138263936
0 0.571410337518558 0.6938163091736463 0.011305992198083814 0.007285823138263936
0 0.22748435436558562 0.4503682483844794 0.013772572930778538 0.009684124525034754
0 0.8505290287212736 0.547001086243473 0.016938516508343326 0.010538109707395904
0 0.3790225209193575 0.5289868237069448 0.009743492198083814 0.007249455547083272
0 0.8380113393275803 0.6515249320831604 0.012128185775648604 0.008085256933854267
0 0.5370574282008753 0.4239389138470491 0.013772572930778538 0.009684124525034577
0 0.660515939620836 0.3368591007767714 0.011305992198083814 0.007285823138263936
0 0.5844746607880207 0.45945949296923666 0.012991322930778537 0.0096659407294446
0 0.6787712946637902 0.3318085780753478 0.011305992198083814 0.007285823138263936
0 0.6758941988930902 0.5210347322356603 0.012950379353213748 0.008884690729444422
0 0.27833088138937856 0.3756780261198961 0.01295037935321366 0.008884690729444422
0 0.7316063675945687 0.32365189237989644 0.013731629353213749 0.008902874525034753
0 0.7031494176854257 0.4935097974901395 0.016157266508343326 0.010519925911805571
0 0.5392318391004377 0.218270142095556 0.015457903663473261 0.01206424211621524
0 0.8353665326780024 0.22438055062427154 0.012169129353213747 0.00886650693385418
0 0.734996961217562 0.40820873033579924 0.012128185775648781 0.008085256933854267
0 0.4633078262101389 0.12967846114975734 0.012950379353213748 0.008884690729444467
0 0.6741623597926525 0.3152750415062158 0.01134693577564878 0.008067073138263936
0 0.772773600181714 0.3590270011373618 0.013772572930778538 0.009684124525034754
0 0.2854749960432711 0.32891212889343774 0.012991322930778537 0.009665940729444423
0 0.4380433960886997 0.4177233218070837 0.011305992198083814 0.007285823138263936
0 0.280435613976524 0.4101439450978475 0.012169129353213659 0.008866506933854268
0 0.6412635713488989 0.48033634384291723 0.012991322930778537 0.009665940729444423
0 0.722089768205824 0.6097166789490285 0.011346935775648603 0.008067073138263936
0 0.6001284797620704 0.772705028588438 0.012991322930778537 0.009665940729444423
0 0.7192900740624323 0.4094075544239937 0.012128185775648781 0.008085256933854267
0 0.5949075497521727 0.40964133092513944 0.012991322930778537 0.0096659407294446
0 0.6578967141582381 0.7599699456665283 0.011305992198083814 0.007285823138263936
0 0.823314753506503 0.5737447709889938 0.012950379353213748 0.008884690729444422
0 0.7340165581199157 0.6209451196784729 0.012950379353213748 0.008884690729444422
0 0.8781847964728124 0.287953394564098 0.012950379353213748 0.008884690729444422
0 0.8810586544564426 0.6361006070450355 0.014512879353213748 0.008921058320624908
0 0.7609995392367231 0.4792122145682298 0.011428822930778538 0.009629573138263936
0 0.5034736442796773 0.467742812023438 0.014553822930778537 0.009702308320624908
0 0.7824197585948857 0.6525776325962507 0.012991322930778537 0.0096659407294446
0 0.5603344759168831 0.4424713615103477 0.015294129353213748 0.00893924211621524
0 0.40840572648271 0.6399613445085073 0.013772572930778538 0.009684124525034754
0 0.4922428951841885 0.44323312129399356 0.011346935775648603 0.008067073138263936
0 0.5398072919502567 0.4013190314382296 0.012210072930778536 0.009647756933854269
0 0.6396844612175621 0.4059903072737853 0.012169129353213747 0.008866506933854268
0 0.6267650593631112 0.36892606515757 0.01134693577564878 0.008067073138263936
0 0.526710827680477 0.3079320541396532 0.012169129353213747 0.008866506933854091
0 0.9380932264827099 0.6522899579187161 0.012128185775648604 0.008085256933854267
0 0.6981620245374021 0.4394217095342367 0.012991322930778537 0.009665940729444423
0 0.24510670284981906 0.18874041736243077 0.01134693577564878 0.008067073138263891
0 0.654060142470655 0.5197443359591325 0.012128185775648781 0.008085256933854267
0 0.4062024966090981 0.5327482565526045 0.011469766508343327 0.010410823138263936
0 0.7014973072154046 0.6444365178548617 0.012950379353213748 0.008884690729444422
0 0.8256408141128094 0.6786141089448965 0.010606629353213748 0.008830139342673604
0 0.88159532225341 0.46168183529354245 0.013772572930778538 0.009684124525034754
0 0.7544762222988386 0.5439832293858687 0.012991322930778537 0.0096659407294446
0 0.2184756037997587 0.24913240349472243 0.011305992198083903 0.007285823138263936
0 0.38689365389061575 0.4235726250937156 0.013731629353213658 0.008902874525034753
0 0.924989038898039 0.7083035685760425 0.011428822930778538 0.009629573138263936
0 0.5326454879026707 0.55289971523382 0.012950379353213748 0.008884690729444422
0 0.3812744176854257 0.4860180737069448 0.013772572930778538 0.009684124525034754
0 0.35270568238474675 0.5236810746568754 0.012909435775648782 0.0081034407294446
0 0.6403981914298583 0.28789427070465334 0.014594766508343326 0.010483558320624997
0 0.283167788332212 0.49233884925815996 0.01134693577564878 0.008067073138263936
0 0.9608302001362855 0.27814394310107715 0.015376016508343327 0.01050174211621524
0 0.8247068351437086 0.5471822709889939 0.012169129353213747 0.008866506933854268
0 0.15611064337516617 0.4839061405769446 0.013772572930778538 0.009684124525034754
0 0.353686085482393 0.31094468531420166 0.01138787935321366 0.008848323138263937
0 0.7834909356641071 0.6619890001874312 0.013032266508343326 0.0104471907294446
0 0.4884318204443877 0.5010274374984032 0.009825379353213749 0.008811955547083273
0 0.36424288444159625 0.07965831772302115 0.014635710085908294 0.011264808320624996
0 0.9268857315710927 0.7318138037584035 0.013772572930778538 0.009684124525034754
0 0.8990107943251058 0.5622091653656606 0.012169129353213747 0.008866506933854268
0 0.6996979483272632 0.3205626067606951 0.011346935775648603 0.008067073138263936
0 0.7493150887617533 0.44843434004319516 0.012210072930778536 0.009647756933854269
0 0.49284932553277033 0.5809149592498962 0.012991322930778537 0.009665940729444423
0 0.5452207310052658 0.5219042883720838 0.013813516508343327 0.010465374525034755
0 0.1416486736783195 0.5359771336430905 0.012991322930778537 0.0096659407294446
0 0.41841921359241124 0.5533698810776393 0.012950379353213571 0.008884690729444599
0 0.1444771025565633 0.4969328174386806 0.012128185775648781 0.008085256933854267
0 0.6744821850982803 0.4584256294621186 0.010524742198083813 0.007267639342673604