0 0.1421875 0.70703125 0.00859375 0.00625
0 0.5828125 0.65625 0.00546875 0.0109375
0 0.465625 0.4046875 0.0078125 0.01015625
0 0.5109375 0.609375 0.00546875 0.0125
0 0.58515625 0.13984375 0.00546875 0.01171875
0 0.55703125 0.16640625 0.00703125 0.00859375
0 0.43984375 0.20703125 0.00703125 0.01015625
0 0.425 0.14921875 0.00546875 0.0109375
0 0.58828125 0.10625 0.00625 0.0125
0 0.70625 0.11328125 0.0078125 0.0078125
0 0.71640625 0.29296875 0.009375 0.0125
0 0.47109375 0.15078125 0.00625 0.01171875
0 0.5125 0.15078125 0.00703125 0.00703125
0 0.49921875 0.15234375 0.00546875 0.01328125
0 0.490625 0.12109375 0.00625 0.009375
0 0.4828125 0.13125 0.00703125 0.01484375
0 0.47578125 0.1078125 0.00546875 0.0109375
0 0.46328125 0.16875 0.00625 0.00859375
0 0.4609375 0.20078125 0.009375 0.01171875
0 0.44921875 0.22890625 0.00546875 0.01015625
0 0.4515625 0.25 0.00625 0.0078125