0 0.69375 0.290625 0.01015625 0.00703125
0 0.64609375 0.23359375 0.00390625 0.01328125
0 0.64453125 0.2546875 0.00625 0.00859375
0 0.63828125 0.26328125 0.00625 0.0078125
0 0.5921875 0.2171875 0.003125 0.00859375
0 0.51875 0.16796875 0.01015625 0.01796875
0 0.684375 0.73046875 0.0125 0.01796875
0 0.53203125 0.2375 0.0046875 0.00859375
0 0.55390625 0.225 0.00546875 0.00859375
0 0.54921875 0.19140625 0.0078125 0.01328125
0 0.7375 0.28125 0.00390625 0.01171875
0 0.7796875 0.3015625 0.00546875 0.0109375
0 0.76875 0.3328125 0.00625 0.009375
0 0.7125 0.27265625 0.00546875 0.009375