0 0.5552183705407161 0.7007027691103352 0.009484094155801337 0.006741322930778537
0 0.46638196713214947 0.7818509497976013 0.005605117694751627 0.008099105042954058
0 0.4848003250843732 0.4421333525565633 0.004810230925276571 0.007276911465389268
0 0.45169790422593614 0.7287635713488989 0.006372730925276571 0.007358798620519025
0 0.45477408563767996 0.6419629341937692 0.00483750446422686 0.00883941146538909
0 0.49620324959625817 0.28074547320334964 0.005605117694751627 0.008099105042954146
0 0.537514042209932 0.2840442135924112 0.005577844155801337 0.006536605042954146
0 0.5126913202131093 0.2751981580744872 0.006359094155801337 0.006577548620519025
0 0.503674830359379 0.2998672874277009 0.004069891233702094 0.00957971788782439
0 0.4830544131510946 0.2291387075995174 0.00561875446422686 0.008880355042954058
0 0.6266504545469525 0.1857085329051451 0.004878414772652384 0.01118316146538927
0 0.6230072573068959 0.21555980721540463 0.006400004464226861 0.008921298620519024
0 0.5869646172910099 0.26818351820582403 0.005577844155801337 0.006536605042954146
0 0.49238454870275383 0.1865008282463038 0.011182961850553142 0.014635710085908294
0 0.5165588396948697 0.45607966587640336 0.006372730925276571 0.007358798620519025
0 0.6158246339333967 0.6717688636378398 0.005632391233702095 0.009661605042954236
0 0.4854632037394688 0.8066086103584794 0.0071539809252765705 0.007399742198083814
0 0.4550001822291133 0.7184435470386393 0.005632391233702095 0.009661605042954236
0 0.3352212905883742 0.5600279387163248 0.004782957386326192 0.005714411465389269
0 0.4671390868522007 0.2018735227283798 0.004810230925276571 0.007276911465389268