0 0.36796875 0.53359375 0.01171875 0.009375
0 0.3671875 0.5078125 0.01328125 0.01015625
0 0.340625 0.50625 0.0109375 0.0078125
0 0.51640625 0.50546875 0.01015625 0.00625
0 0.53984375 0.69453125 0.0140625 0.01015625
0 0.4171875 0.50546875 0.0109375 0.00859375
0 0.71640625 0.46875 0.0140625 0.01015625
0 0.76875 0.54609375 0.01328125 0.00859375
0 0.45546875 0.2609375 0.015625 0.0109375
0 0.665625 0.48359375 0.0125 0.0078125
0 0.44140625 0.46875 0.01171875 0.009375
0 0.2078125 0.496875 0.0125 0.009375
0 0.50234375 0.23203125 0.01484375 0.01171875
0 0.9859375 0.4671875 0.01484375 0.01015625
0 0.28515625 0.35703125 0.0140625 0.009375
0 0.3953125 0.3953125 0.01171875 0.00859375
0 0.37890625 0.40546875 0.01328125 0.009375
0 0.646875 0.5578125 0.01015625 0.00703125
0 0.5375 0.39609375 0.0125 0.00859375
0 0.34140625 0.35234375 0.01171875 0.00859375
0 0.58984375 0.45546875 0.0109375 0.0078125
0 0.3515625 0.5921875 0.01640625 0.01015625
0 0.6390625 0.4546875 0.0125 0.00859375
0 0.76796875 0.29296875 0.0109375 0.00703125
0 0.4328125 0.58125 0.01171875 0.00859375
0 0.5203125 0.85546875 0.0109375 0.00703125
0 0.8109375 0.3296875 0.01484375 0.009375
0 0.9546875 0.484375 0.01171875 0.00859375
0 0.53203125 0.71953125 0.01328125 0.0078125
0 0.02734375 0.59609375 0.01484375 0.01015625
0 0.540625 0.534375 0.01171875 0.009375
0 0.70859375 0.83203125 0.0125 0.0078125
0 0.92109375 0.49296875 0.0109375 0.00703125
0 0.571875 0.46875 0.0109375 0.0078125
0 0.7703125 0.45703125 0.0125 0.009375
0 0.11015625 0.5671875 0.01171875 0.00703125
0 0.64765625 0.6078125 0.01171875 0.0078125
0 0.76015625 0.4859375 0.0140625 0.009375
0 0.41875 0.4578125 0.009375 0.0078125
0 0.4765625 0.6953125 0.01171875 0.0078125
0 0.15703125 0.396875 0.0140625 0.01015625
0 0.70859375 0.6453125 0.0125 0.00859375
0 0.45546875 0.53515625 0.01015625 0.0078125
0 0.6875 0.465625 0.015625 0.0109375
0 0.4203125 0.54296875 0.0125 0.00859375
0 0.97578125 0.5703125 0.01328125 0.01171875
0 0.89609375 0.5796875 0.0109375 0.00703125
0 0.31875 0.5703125 0.0125 0.009375
0 0.38984375 0.44609375 0.0125 0.01015625
0 0.6109375 0.503125 0.01328125 0.009375
0 0.321875 0.8328125 0.01171875 0.009375
0 0.73828125 0.18203125 0.0140625 0.0109375
0 0.7046875 0.62734375 0.015625 0.01015625
0 0.8046875 0.03203125 0.01484375 0.0109375
0 0.3125 0.384375 0.0140625 0.0125
0 0.1734375 0.78359375 0.01328125 0.01015625
0 0.7109375 0.13203125 0.0125 0.009375
0 0.534375 0.41796875 0.01328125 0.009375
0 0.7453125 0.63203125 0.0109375 0.00859375
0 0.0765625 0.33984375 0.01796875 0.01171875
0 0.88203125 0.52890625 0.01171875 0.0078125
0 0.75703125 0.58203125 0.01171875 0.00859375
0 0.303125 0.55390625 0.0109375 0.009375
0 0.303125 0.57578125 0.01484375 0.01015625
0 0.78671875 0.58125 0.015625 0.01171875
0 0.5125 0.6921875 0.0125 0.00859375
0 0.3578125 0.43984375 0.0140625 0.0109375
0 0.5046875 0.3515625 0.01328125 0.009375
0 0.5515625 0.4890625 0.0140625 0.009375
0 0.371875 0.37890625 0.0125 0.009375
0 0.48828125 0.18203125 0.0140625 0.01171875
0 0.9078125 0.540625 0.0125 0.009375
0 0.86953125 0.37265625 0.0140625 0.009375
0 0.934375 0.29609375 0.015625 0.0109375
0 0.81015625 0.49375 0.0140625 0.00859375
0 0.04609375 0.5296875 0.01484375 0.0109375
0 0.64453125 0.74375 0.0125 0.00859375
0 0.43125 0.515625 0.0109375 0.009375
0 0.18515625 0.74140625 0.01328125 0.009375
0 0.7359375 0.38359375 0.01328125 0.009375
0 0.659375 0.9171875 0.0125 0.0078125
0 0.54296875 0.46171875 0.0125 0.009375
0 0.3640625 0.5171875 0.01328125 0.0109375
0 0.56875 0.5546875 0.01015625 0.00625
0 0.41328125 0.60546875 0.0109375 0.0078125
0 0.78125 0.3171875 0.01328125 0.009375
0 0.6203125 0.57734375 0.0109375 0.00703125
0 0.71484375 0.7921875 0.01484375 0.01015625
0 0.73515625 0.5546875 0.01328125 0.00859375
0 0.58984375 0.440625 0.01171875 0.009375
0 0.48515625 0.81015625 0.01015625 0.00859375
0 0.66875 0.553125 0.01328125 0.009375
0 0.37890625 0.909375 0.0109375 0.00859375
0 0.63203125 0.73125 0.01953125 0.01328125
0 0.4421875 0.640625 0.0125 0.01015625
0 0.93828125 0.5703125 0.01484375 0.0109375
0 0.4265625 0.18359375 0.0140625 0.0109375
0 0.69765625 0.70859375 0.01015625 0.00703125
0 0.5890625 0.66484375 0.009375 0.00703125
0 0.12421875 0.546875 0.009375 0.00625
0 0.1921875 0.5859375 0.0078125 0.0078125
0 0.103125 0.6 0.00703125 0.00546875
0 0.13125 0.625 0.0078125 0.00390625
0 0.14296875 0.48671875 0.009375 0.00859375
0 0.23125 0.61484375 0.00625 0.003125
0 0.2171875 0.65 0.00546875 0.00390625
0 0.24765625 0.65078125 0.00390625 0.00390625
0 0.37734375 0.625 0.0171875 0.00859375
0 0.41171875 0.65546875 0.00703125 0.003125
0 0.44296875 0.66328125 0.01015625 0.00625
0 0.4265625 0.625 0.0078125 0.00390625
0 0.509375 0.61640625 0.00390625 0.00390625
0 0.515625 0.62734375 0.00625 0.00234375
0 0.4671875 0.55 0.01015625 0.00703125
0 0.43046875 0.55 0.00625 0.00546875
0 0.4625 0.49921875 0.00859375 0.00625
0 0.4734375 0.51171875 0.01171875 0.0078125
0 0.41328125 0.51640625 0.00546875 0.0046875
0 0.43671875 0.5234375 0.0078125 0.00625
0 0.5375 0.49296875 0.0078125 0.00625