0 0.3866022543459873 0.5314529704367501 0.01204613221398514 0.009443177693097127
0 0.3849207032575282 0.5056762656162899 0.013635914065150523 0.010233518052176649
0 0.3583036395551973 0.5042683017206434 0.011210318511654282 0.007876132513557366
0 0.5340576077040319 0.5024643863241863 0.010374504809323426 0.006309087334017605
0 0.5640973156860654 0.6913905309379921 0.014417164065150524 0.010238063231716587
0 0.43483885770403186 0.503041624125742 0.011237600362819756 0.008657382513557365
0 0.7327753606992568 0.4645820703619953 0.014417164065150524 0.010238063231716587
0 0.7878200139646341 0.541621293332828 0.013581350362819756 0.00867101805217665
0 0.4645808882892529 0.2582876603282914 0.016006945916316084 0.011028403590796109
0 0.6825124658713999 0.4797212570320829 0.012772818511654193 0.007885222872636887
0 0.4577753606992568 0.466181973560008 0.01204613221398514 0.009443177693097127
0 0.22516375734121213 0.4956659822424109 0.012827382213985139 0.009447722872636889
0 0.5104464597961321 0.2291086995559029 0.015252977767481468 0.011805108411256348
0 0.9973264199821752 0.4614514834207612 0.005347160035649523 0.010242608411256349
0 0.29762405598260055 0.3553722594679698 0.014389882213985138 0.009456813231716588
0 0.4091171166897065 0.3930126391528567 0.012018850362819754 0.008661927693097126
0 0.39306553075485706 0.4032643379231927 0.01360863221398514 0.009452268052176827
0 0.6663542417321155 0.5540490913410382 0.01040178666048881 0.007090337334017605
0 0.551331898540872 0.3929666664766115 0.012800100362819578 0.008666472872636888
0 0.35371036487560803 0.35035750654110354 0.012018850362819754 0.008661927693097126
0 0.6057490692294445 0.45203713944744434 0.011210318511654193 0.007876132513557366
0 0.3722421431833943 0.5901421692070861 0.016760914065150522 0.010251698770336048
0 0.6549405373782791 0.45096954313643633 0.012800100362819755 0.008666472872636888
0 0.7781994441870355 0.28850083851236785 0.01118303666048881 0.007094882513557365
0 0.45311019726707835 0.5787319705349458 0.012018850362819754 0.008661927693097126
0 0.5501861270261437 0.8524416604264873 0.01118303666048881 0.007094882513557365
0 0.8224504411918104 0.3249696036376784 0.015171132213985316 0.009461358411256348
0 0.9716022477225653 0.4788207906023536 0.012018850362819933 0.008661927693097126
0 0.5571578349233591 0.7164359827333902 0.013554068511654194 0.007889768052176649
0 0.0481598024392215 0.5959346687161067 0.015198414065150568 0.010242608411256349
0 0.5592857861971526 0.5312297357584523 0.01204613221398514 0.009443177693097127
0 0.7376489214911807 0.8279087721573933 0.012772818511654193 0.007885222872636887
0 0.9383085980853849 0.4876099833225654 0.011183036660489165 0.007094882513557365
0 0.5882441106992568 0.4654229285768599 0.011210318511654193 0.007876132513557366
0 0.7862723829317753 0.4525497029737485 0.012827382213985139 0.009447722872636889
0 0.12996287394610068 0.5665466296848869 0.011964286660488854 0.007099427693097127
0 0.6688815302067029 0.6040445461614985 0.011991568511654194 0.007880677693097127
0 0.7771255614248962 0.48151504030776593 0.014389882213985138 0.00945681323171641
0 0.43473716478294067 0.4553762837666625 0.009647818511654194 0.007867042154477843
0 0.5008433475372309 0.6925399404807167 0.011991568511654194 0.007880677693097127
0 0.17089043039203738 0.3959614189124984 0.014417164065150567 0.010238063231716587
0 0.7311285590626435 0.6411900221573934 0.012800100362819755 0.008666472872636888
0 0.4741568180483181 0.5325064103282914 0.010429068511654194 0.007871587334017605
0 0.7037599832945951 0.46162524200496813 0.016006945916316084 0.011028403590796288
0 0.4392733865599724 0.5405234434075827 0.012800100362819755 0.008666472872636888
0 0.9944258812335107 0.5646355707547788 0.011148237532978555 0.011796018052176827
0 0.9163368835647475 0.5744741790678393 0.01118303666048881 0.007094882513557365
0 0.3386657513507624 0.5684580667477579 0.012827382213985139 0.009447722872636889
0 0.4054216870154594 0.4438257054096354 0.0128546640651507 0.010228972872636887
0 0.6285070121505356 0.4995706695998695 0.01360863221398514 0.009452268052176648
0 0.3509574533423462 0.8309398860295987 0.01204613221398514 0.009443177693097127
0 0.7446379213215447 0.17773605533488063 0.014444445916316084 0.011019313231716588
0 0.7265948264858386 0.6232439980550923 0.015979664065150702 0.010247153590796287
0 0.8058060558977825 0.02734971507399687 0.015225695916316085 0.01102385841125637
0 0.32592267077339054 0.3825569281840765 0.014499009618646853 0.012581813231716588
0 0.2008011967189242 0.7825847201421624 0.013635914065150523 0.010233518052176649
0 0.7155481328469573 0.12789513661877394 0.012827382213985139 0.009447722872636977
0 0.5489707903735039 0.41485984719477076 0.01360863221398514 0.009452268052176827
0 0.7673835175928312 0.6276951487190223 0.011237600362819577 0.008657382513557365
0 0.08843010525696114 0.3393983224050987 0.018377977767481422 0.011823289129415571
0 0.9005010632389947 0.5237747422995558 0.011991568511654194 0.007880677693097127
0 0.7773562291182439 0.5776269710259252 0.012018850362819578 0.008661927693097126
0 0.3224678324762884 0.5521427203385542 0.011264882213985139 0.009438632513557366
0 0.3232317243089204 0.5740177203385541 0.015198414065150522 0.010242608411256349
0 0.8070164472670782 0.5766730042034125 0.01603422776748147 0.011809653590796287
0 0.5366717201325691 0.6892058622218854 0.012800100362819578 0.008666472872636888
0 0.3731721822061359 0.4377620577707676 0.014444445916315996 0.01101931323171641
0 0.5169643330244426 0.3486263140172835 0.01360863221398514 0.009452268052176738
0 0.5686409388295579 0.4858536032448949 0.014389882213985138 0.009456813231716588
0 0.38510669781523255 0.376742744539051 0.012827382213985139 0.009447722872636889
0 0.4946379213215447 0.17919051278761947 0.014471727767481467 0.011800563231716544
0 0.9266915410064762 0.5353435013747421 0.012827382213985317 0.009447722872636889
0 0.8825446930059091 0.3675974651721927 0.014389882213985317 0.009456813231716588
0 0.9447148215916972 0.2906577152703886 0.016006945916316084 0.0110284035907962
0 0.8273983799365503 0.4890366488172182 0.014362600362819933 0.008675563231716588
0 0.06459084509016014 0.5294193344071513 0.015225695916315996 0.01102385841125635
0 0.6705035723094873 0.7400002268796577 0.012800100362819578 0.008666472872636888
0 0.44925602176918245 0.5131160608940255 0.011264882213984962 0.009438632513557366
0 0.2110467267559911 0.7403290424490653 0.01360863221398514 0.009452268052176648
0 0.7493328889222252 0.37931219087350004 0.01360863221398514 0.009452268052176827
0 0.6914038932682123 0.9133513684684014 0.012772818511654193 0.007885222872636887
0 0.5590923240387679 0.4585598502198328 0.012827382213985139 0.009447722872636889
0 0.3821230854715133 0.5150694463344492 0.013663195916315995 0.01101476805217665
0 0.5881201143274538 0.5513786092950191 0.010374504809323426 0.006309087334017605
0 0.4344246846532066 0.6030643500234412 0.011210318511654193 0.007876132513557366
0 0.7923264315731637 0.31264232046019114 0.01360863221398514 0.009452268052176738
0 0.6404737880112512 0.5737348774453918 0.01118303666048881 0.007094882513557365
0 0.7425075470817439 0.7880286607210749 0.015198414065150522 0.010242608411256349
0 0.7545263643274538 0.5504104860530399 0.013581350362819577 0.00867101805217665
0 0.6052307140573013 0.43719338944744435 0.01204613221398514 0.009443177693097127
0 0.5134475296585487 0.8073336935057787 0.010456350362819578 0.008652837334017605
0 0.688065550625123 0.5492343263139237 0.01360863221398514 0.009452268052176648
0 0.4106623247565581 0.9071705879231928 0.011237600362819577 0.008657382513557365
0 0.6575670626908405 0.7275729497522946 0.019995041469812236 0.013394879488495093
0 0.4645586179556509 0.6380524283804683 0.012854664065150522 0.010228972872636887
0 0.9581970013507624 0.5648537393726896 0.015225695916316085 0.01102385841125635
0 0.4329737350238755 0.18111208197126435 0.014444445916316084 0.011019313231716543
0 0.7224008890070431 0.7045349046709507 0.01040178666048881 0.007090337334017605
0 0.6122793553417791 0.6614166846269841 0.00962053666048881 0.007085792154477843
0 0.14331604581579954 0.5461523164531703 0.009593254809323427 0.0063045421544778435
0 0.21264888837407092 0.584819385833207 0.008085318511654283 0.007857951795397966
0 0.12407746169504863 0.5994000363007452 0.007222222958157998 0.005509656615858205
0 0.15307548093234233 0.6242364098373121 0.007948909255827141 0.003951701795397966
0 0.15996534327606157 0.485886982144215 0.009675100362819666 0.008648292154477844
0 0.2527208168671918 0.6134983768562166 0.006359127404661713 0.0031613614363184437
0 0.23988600016963604 0.6487364400879331 0.005605159255827097 0.003938066256778683
0 0.2703820320208014 0.6493404280858807 0.004042659255827097 0.003928975897699161
0 0.39916923093234236 0.6228046782822723 0.017487600362819756 0.00869374394987581
0 0.434608223127794 0.6530734403825207 0.007140377404661713 0.003165906615858205
0 0.4661310416394483 0.6607041332009282 0.010374504809323426 0.006309087334017605
0 0.44838798093234233 0.6225183319712644 0.007948909255827096 0.003951701795397966
0 0.5309003805695227 0.6134427929400447 0.004042659255827275 0.003928975897699161
0 0.5375323264858386 0.6243439315037261 0.006331845553496152 0.002380111436318444
0 0.4863939232204613 0.5472819826351942 0.01040178666048881 0.007090337334017605
0 0.4496751732204613 0.5474956060735654 0.006440972958158042 0.005505111436318444
0 0.4799331028947084 0.4965280037124332 0.008812004809323426 0.006299996974937727
0 0.49130711251335535 0.5089643711988758 0.011991568511654194 0.007880677693097127
0 0.4313145536203479 0.5140018500234411 0.005632441106992481 0.004719316256778683
0 0.45499759028083664 0.5208967446372469 0.008030754809323425 0.006295451795397966
0 0.554714848085385 0.48984166647661154 0.008030754809323425 0.006295451795398144