0 0.4053422398703148 0.5336491451841885 0.013681510339082336 0.00928979081860284
0 0.2938589303170208 0.5511818831984009 0.010483735731976385 0.007563516508343327
0 0.2185507152632089 0.5449971602221938 0.011264985731976384 0.007604460085908116
0 0.17208470761021383 0.12035236431520828 0.014499147642635135 0.010111984396167761
0 0.2692056867271616 0.5283142712580418 0.011264985731976384 0.007604460085908293
0 0.20824029983789344 0.6827018781100183 0.011301373035529316 0.008385710085908115
0 0.32038504301346793 0.5505710515611951 0.012082623035529316 0.008426653663473083
0 0.1481698645584739 0.19876064733189505 0.012900260339082203 0.009248847241038005
0 0.32901529611383984 0.26487921302658435 0.011301373035529316 0.008385710085908294
0 0.30276951158193655 0.42679935888814136 0.010483735731976297 0.007563516508343327
0 0.3041949627820095 0.5802552295349278 0.013681510339082159 0.00928979081860284
0 0.06513030872923362 0.62629582711465 0.011301373035529295 0.008385710085908294
0 0.6772471650155399 0.6191551187262224 0.01449914764263518 0.010111984396167806
0 0.04160937965506706 0.5121857394845504 0.012936647642635146 0.010030097241038049
0 0.6665301428896334 0.5815289659672604 0.009666098428423453 0.006741322930778537
0 0.564203509515022 0.6032578810506942 0.011301373035529316 0.008385710085908115
0 0.6444990550051799 0.18443928200063398 0.009666098428423453 0.006741322930778537
0 0.21435552088756138 0.517940015265148 0.011264985731976295 0.007604460085908116
0 0.5308943957851175 0.6993040434205946 0.012119010339082336 0.00920790366347326
0 0.18139735587653072 0.8072448547042699 0.010447348428423453 0.006782266508343326
0 0.5824568957851175 0.6966017673013128 0.010483735731976297 0.007563516508343327
0 0.47235857361642974 0.3664749332892579 0.011301373035529139 0.008385710085908294
0 0.4595952462804556 0.5066462319097769 0.012900260339082337 0.00924884724103805
0 0.23035720244292732 0.5926976758260261 0.012863873035529317 0.00846759724103805
0 0.47123260546224593 0.6416420296257848 0.01293664764263518 0.010030097241038049
0 0.5288375519048081 0.4757403906616327 0.015316784946188022 0.010934177973732773
0 0.01490994665195908 0.3826553697422752 0.012119010339082215 0.009207903663473172
0 0.12449680831494885 0.4727713574178033 0.012082623035529271 0.00842665366347326
0 0.42717450620525305 0.34935935436558563 0.009738873035529316 0.008303822930778536
0 0.36337090963885643 0.564684461217562 0.009702485731976296 0.0075225729307785375
0 0.28673144272301765 0.35282294832726324 0.012082623035529316 0.008426653663473171
0 0.4984138054194647 0.3425084888071819 0.010483735731976297 0.007563516508343327
0 0.38090301199622123 0.5731177589335699 0.010520123035529317 0.008344766508343326
0 0.24443670327149683 0.8927862070336905 0.016134422249741043 0.011756371551297561
0 0.5196036772166489 0.8245906484635489 0.010447348428423453 0.006782266508343326
0 0.5218511896226458 0.6257403906616327 0.01371789764263518 0.010071040818602838
0 0.27072533726528086 0.6295492226375228 0.01211901033908216 0.00920790366347326
0 0.29302190653848453 0.853610842379798 0.009666098428423453 0.006741322930778537
0 0.644839233460174 0.5452572732942067 0.009666098428423453 0.006741322930778537
0 0.2477074840793465 0.3205770143606368 0.01293664764263518 0.010030097241038049
0 0.07883312800243722 0.8508078262101388 0.011301373035529272 0.00838571008590847
0 0.4141071561241997 0.6968518300553261 0.012119010339082336 0.009207903663473082
0 0.37920369478993227 0.15781698552782153 0.012900260339082249 0.00924884724103805
0 0.6233325303980741 0.1871072585948856 0.010483735731976297 0.007563516508343371
0 0.5598156083577301 0.7476663003179997 0.010483735731976297 0.007563516508343327
0 0.6115237733687607 0.45737881501732075 0.012119010339082336 0.00920790366347326
0 0.21041084532805154 0.2679776368164455 0.01293664764263518 0.010030097241038049
0 0.42480275351916585 0.7851364020815934 0.013790672249741042 0.01163354081860284
0 0.29413087386409875 0.2776182304394389 0.009702485731976296 0.0075225729307785375
0 0.42701603267438576 0.5535555314348071 0.009702485731976296 0.0075225729307785375
0 0.6794561360652078 0.45459797376917654 0.012082623035529316 0.008426653663473083
0 0.8443383116247178 0.6961259752395146 0.010447348428423453 0.006782266508343326
0 0.4519924538906694 0.6364156190649066 0.010520123035529317 0.008344766508343326
0 0.6524847595150219 0.5986312567858633 0.011301373035529316 0.008385710085908294
0 0.22092642866439097 0.8955770143606369 0.010483735731976297 0.007563516508343327
0 0.027568304386007426 0.4622643046134128 0.012900260339082214 0.00924884724103805
0 0.8203935434277527 0.6747799197215907 0.008884848428423454 0.0067003793532137475
0 0.27623489847120464 0.276997432723431 0.011264985731976295 0.007604460085908293
0 0.6129920740307145 0.5095178471294963 0.01371789764263518 0.010071040818602838
0 0.521095556662319 0.7925593984635488 0.011337760339082337 0.009166960085908116
0 0.7392462431800837 0.7772298903229485 0.013754284946188022 0.010852290818602839
0 0.7791822700589919 0.18751229308191042 0.012900260339082337 0.00924884724103805
0 0.7011493153442622 0.17289759441596292 0.01211901033908216 0.009207903663473127
0 0.23008129818075443 0.07990442673053721 0.016170809553293884 0.012537621551297517
0 0.40038302791687475 0.23853804104574552 0.009738873035529316 0.008303822930778536
0 0.3962434915229446 0.1935530896662645 0.011337760339082159 0.009166960085908293
0 0.3745418118296055 0.32484071121756203 0.011337760339082247 0.009166960085908293
0 0.1781911966519591 0.37409816203121615 0.012936647642635135 0.010030097241038049
0 0.47127557072094567 0.2558649819097769 0.009702485731976296 0.0075225729307785375
0 0.5463354210113959 0.45144307553277035 0.011301373035529316 0.008385710085908294
0 0.6156076517809735 0.5202915728192369 0.012900260339082337 0.00924884724103805
0 0.4151924288692788 0.48948970940853975 0.011374147642635179 0.009948210085908293
0 0.2762456687350843 0.10943811849907978 0.012863873035529317 0.008467597241038006
0 0.2856120525239806 0.24299424694778224 0.01293664764263518 0.010030097241038049
0 0.3063033881321225 0.28399438319840087 0.012827485731976295 0.007686347241038049
0 0.4391822005809005 0.37600706354698266 0.01293664764263518 0.010030097241038049
0 0.5931591869320494 0.11543033243017528 0.011228598428423452 0.006823210085908249
0 0.5512177818458162 0.2462199869981596 0.00962971112487061 0.005960072930778537
0 0.5291651534336034 0.1842489314802356 0.016733735731976295 0.007891065128862396
0 0.3481975198541041 0.606005502036165 0.009738873035529316 0.008303822930778536
0 0.2809736325505512 0.6103078997067442 0.012863873035529317 0.00846759724103805
0 0.1838631921038451 0.6037070969023537 0.012791098428423454 0.0069050972410380496
0 0.15315253949881122 0.6941616785395596 0.008103598428423453 0.006659435775648781
0 0.030149533088670456 0.7247676266396802 0.008884848428423431 0.006700379353213571
0 0.17480490757194178 0.7647264840574834 0.006504711124870522 0.005796298620519025
0 0.4495287717161309 0.8064415140219525 0.009702485731976296 0.0075225729307785375
0 0.4147149700207199 0.8511298942796774 0.010483735731976297 0.007563516508343327
0 0.3502693263070261 0.8794463240624323 0.01684289764263518 0.010234815128862351
0 0.4660398755212379 0.8702616745828307 0.01918664764263518 0.010357645861557074
0 0.6478763804836365 0.7812390388980389 0.00824914764263518 0.00978443577564878
0 0.7319217406988843 0.8173602453659026 0.007322348428423453 0.006618492198083814
0 0.7414957938420375 0.8293279788575593 0.00724957382131759 0.005055992198084169
0 0.7633729478948134 0.7946696958408724 0.00806721112487061 0.005878185775648781
0 0.8221144011618009 0.7549620646786365 0.00817637303552914 0.008221935775648781
0 0.760194443965872 0.7792494137286968 0.00803082382131759 0.005096935775648781
0 0.8496058544287888 0.7168921766189955 0.008848461124870255 0.005919129353213748
0 0.8049847131962942 0.7044231541177584 0.008067211124870254 0.005878185775648781
0 0.7934307830886704 0.6847657513587964 0.007322348428423453 0.006618492198083814
0 0.7656332688206469 0.679208470151132 0.009593323821317412 0.005178822930778537
0 0.7858901108389295 0.6960717435568803 0.00646832382131759 0.005015048620519024
0 0.7518233258927414 0.70798856739217 0.00490582382131759 0.004933161465389091
0 0.7446101393749768 0.7122633095902537 0.005577911910658884 0.0026303550429542357
0 0.8448862752307875 0.6508953623946443 0.009775260339082336 0.009085072930778537
0 0.7231440159251626 0.5707685283825894 0.00650471112487061 0.005796298620519025
0 0.7901859667109509 0.57037238071201 0.00799443651776457 0.004315685775648603
0 0.7037498147250897 0.4182543600197951 0.00728596112487061 0.005837242198083814
0 0.7002074377606189 0.41064657790761955 0.005687073821317589 0.004974105042954235
0 0.8473928068672067 0.3795526289029877 0.008812073821317412 0.005137879353213659
0 0.6813076962376743 0.19731774027751992 0.0040517992142117265 0.0033297178878243907
0 0.5880136145584739 0.1757094131628699 0.005051373035529316 0.008058161465389268
0 0.7612713320934852 0.1370143260985972 0.006468323821317412 0.005015048620519024
0 0.7768963320934852 0.1361954545472997 0.008030823821317413 0.005096935775648781
0 0.3868513748975561 0.17767910617460791 0.0072859611248705216 0.005837242198083903
0 0.3574357026478151 0.19013151854450833 0.00490582382131759 0.004933161465389269
0 0.3577974216305685 0.21583088138937856 0.007213186517764658 0.004274742198083903