0 0.2182288047920041 0.5234900096334185 0.005850751977166358 0.00953412437317951
0 0.18661425625 0.5164935140625 0.1830000453125 0.5144191359375 0.17935916093749998 0.5194786671875 0.1824689578125 0.5209737015625 0.18661425625 0.5164935140625
0 0.20227938124999997 0.5081120546875 0.20399596406249998 0.5048915546875 0.2003494234375 0.5036106328125001 0.19790390156249998 0.5052668234375 0.20227938124999997 0.5081120546875
0 0.23793564687500002 0.5213413203124999 0.242070425 0.5235985609375 0.2446372109375 0.5189662953124999 0.2417438625 0.51865446875 0.23793564687500002 0.5213413203124999
0 0.22128431875 0.5539259046875 0.2254053640625 0.5500409328125 0.2202119921875 0.5478144953124999 0.21798293906250002 0.5506534046875 0.22128431875 0.5539259046875
0 0.2691025046875 0.535909740625 0.2738303703125 0.535772175 0.2760495328125 0.5339899140625 0.275846259375 0.5319567468749999 0.26938586249999996 0.5324666078125 0.268460159375 0.53410345 0.2691025046875 0.535909740625
0 0.2908504203125 0.5606067375 0.29305077968750004 0.5627968734375 0.297567890625 0.5572987625 0.294047159375 0.5558985953125 0.2908504203125 0.5606067375
0 0.31650128125 0.559753078125 0.31970051875 0.5620214453125 0.32527215625 0.5587468109375 0.3216519859375 0.556276103125 0.31650128125 0.559753078125
0 0.30849025937499996 0.587785209375 0.30934653437500004 0.5843254078125 0.3021693203125 0.5848566125 0.30201608125 0.5886173546875 0.30849025937499996 0.587785209375
0 0.371116053125 0.5715806421875 0.3646381484375 0.5725201921874999 0.36466315625 0.5754173921875 0.36967747968750003 0.5752714890624999 0.3710153609375 0.574051834375 0.371116053125 0.5715806421875
0 0.386839575 0.57906536875 0.3810946734375 0.5795544109375 0.3813892609375 0.58287343125 0.3835602546875 0.582273303125 0.38644737500000004 0.581652821875 0.386839575 0.57906536875
0 0.42610555000000006 0.5671899781249999 0.4310979875 0.5675811859375 0.4330363234375 0.562158109375 0.42948120625 0.5616177859375 0.42610555000000006 0.5671899781249999
0 0.4098886234375 0.543726875 0.40303855781250003 0.5397402421875 0.40078000156250004 0.5424892984375 0.40634473125000004 0.5464060374999999 0.4093538453125 0.5463184796875 0.4098886234375 0.543726875
0 0.4354970609375 0.5158269671875 0.43886953437500004 0.5173387453125 0.4420450390625 0.5131676921875 0.43837670156249997 0.5118791140625001 0.4354970609375 0.5158269671875
0 0.4620448328125 0.52106495 0.4641939203125 0.5210024171875001 0.46485877656249996 0.5187294015624999 0.46052683749999995 0.516172109375 0.458238896875 0.5161313875 0.45701360468749996 0.5180988281250001 0.4620448328125 0.52106495
0 0.468350121875 0.517339790625 0.46216430781250006 0.5146218515625 0.4604011359375 0.5157461 0.4648281359375 0.5194813546875 0.46765023125000005 0.520472671875 0.468350121875 0.517339790625
0 0.5259697765625 0.490547534375 0.5304405671875 0.49320808125 0.5316833875 0.4908104640625 0.533958178125 0.49117394062499997 0.53545241875 0.4896278515625 0.535092153125 0.48792064531249996 0.535093409375 0.48437891562499996 0.534421053125 0.483325046875 0.5322632125 0.48360242031249995 0.5315808265624999 0.48630561562499997 0.5288931875 0.4855254609375 0.525388709375 0.48723733593749996 0.5270161703125 0.4894436546875 0.5259697765625 0.490547534375
0 0.5509413765625 0.4958313796875 0.5479572687500001 0.498816134375 0.5503146390625 0.50067981875 0.5534281921875001 0.4980131796875 0.5540937203125 0.4957396546875 0.5509413765625 0.4958313796875
0 0.56327990625 0.484524909375 0.56715715 0.48419750625 0.5672153484375 0.4792583140625 0.56363769375 0.4792551171875 0.56327990625 0.484524909375
0 0.5481625703125 0.45866835781250004 0.544358484375 0.460711321875 0.546124796875 0.4630208953125 0.548573475 0.46262776250000004 0.5497668531250001 0.4649544921875 0.5533100937500001 0.4622753515625 0.5481625703125 0.45866835781250004
0 0.553481421875 0.48266315000000004 0.55619155 0.4793644828125 0.5534007453124999 0.47762119375 0.5520453562500001 0.4792705375 0.550295315625 0.48007252031250003 0.553481421875 0.48266315000000004
0 0.5577442328125 0.49251848281250005 0.5600502234375 0.49411103437500004 0.56182915625 0.49311069218750003 0.566757546875 0.49628659218750004 0.5699429796875 0.4918079984375 0.575351546875 0.49093955625 0.574647575 0.488826340625 0.5706725078125 0.48941605 0.567330253125 0.489987346875 0.565570028125 0.4905126125 0.565492653125 0.49241153750000005 0.56300975 0.491298665625 0.5619452078125 0.49026254687500004 0.5594429671875 0.48962428593749996 0.5577442328125 0.49251848281250005
0 0.568185571875 0.52718195 0.5721944828125001 0.525761675 0.571557546875 0.521987346875 0.568522678125 0.522786721875 0.568185571875 0.52718195
0 0.5804713484375 0.508807771875 0.577585746875 0.5059279671875 0.5748327703125 0.5075492109375 0.5780589734375 0.509826059375 0.5804713484375 0.508807771875
0 0.584141790625 0.5156941374999999 0.5821715421875 0.51361776875 0.5787712515625001 0.5156133796875 0.5805784593750001 0.5178130046875 0.584141790625 0.5156941374999999
0 0.5989270078125 0.49416495312500003 0.6019431859375 0.4938401671875 0.6026437046875001 0.492160134375 0.6018962015625 0.491115278125 0.5961802484375001 0.4917556421875 0.595757459375 0.4943756890625 0.5989270078125 0.49416495312500003
0 0.617102846875 0.47087745937500003 0.6154676140625 0.47222915781249997 0.6150034046874999 0.4680937796875 0.61167081875 0.46842777187499995 0.6120009984375 0.4719744890625 0.611031790625 0.47247673749999997 0.612503253125 0.475160178125 0.618905221875 0.47319573750000005 0.617102846875 0.47087745937500003
0 0.6679669734375 0.4715311625 0.6648975921875 0.47316161250000005 0.6673563015624999 0.474868234375 0.6702481421875001 0.473716996875 0.6700042765625 0.4719459296875 0.6679669734375 0.4715311625
0 0.68039926875 0.47282907031250004 0.6808787125 0.47269660937499997 0.6815170109375 0.472559525 0.6822983578125 0.4727738125 0.68370768125 0.47308834062500005 0.6865138375 0.4701619234375 0.6854692859375 0.4686511765625 0.6837235671874999 0.46882048281250005 0.6809477796875 0.46712357656250003 0.6781858062499999 0.468981615625 0.6774362890625001 0.47184819375 0.68039926875 0.47282907031250004
0 0.7098812953125 0.4358183453125 0.7065452375 0.432359578125 0.704435415625 0.43372459531249996 0.7065100328125 0.43710155625 0.7094923484375 0.437607825 0.7098812953125 0.4358183453125
0 0.7051711390625 0.42730258125000004 0.7033252515624999 0.426052175 0.701388115625 0.4270571203125 0.7033045296875 0.430438684375 0.7058364312500001 0.4303650140625 0.7051711390625 0.42730258125000004
0 0.2817902546875 0.251229121875 0.2883508015625 0.2531607109375 0.29129620156249997 0.2529930734375 0.29050105625 0.25113855625000003 0.2835109546875 0.249056575 0.28174749062500004 0.24959753906249998 0.2817902546875 0.251229121875
0 0.2904056421875 0.2508150609375 0.29336885625 0.24754511875000001 0.29062543281250003 0.24542101718749998 0.285898753125 0.2492319234375 0.2904056421875 0.2508150609375
0 0.32957258125 0.2699204296875 0.323776034375 0.2732728125 0.325545653125 0.27526186875 0.33308569062500004 0.27185875625 0.33348244843749997 0.2701329359375 0.32957258125 0.2699204296875
0 0.3054258578125 0.2935616203125 0.3080311046875 0.293730640625 0.30984120625 0.29204514531250003 0.30777806874999997 0.28924821562499997 0.3053742671875 0.28948153906249996 0.30467732812500004 0.29056305781249997 0.3054258578125 0.2935616203125
0 0.27592130937500003 0.28307323125 0.2777735234375 0.28301933749999997 0.27867525 0.2822581328125 0.278421684375 0.2804697921875 0.2761399375 0.280372803125 0.2750300984375 0.2808952359375 0.27592130937500003 0.28307323125
0 0.252808075 0.3240724015625 0.249192396875 0.3246672609375 0.2469993984375 0.3250573421875 0.24507058593750003 0.32699111875 0.24570425468749998 0.327462334375 0.25233139531250004 0.3277596453125 0.25367264375 0.32690420468750003 0.2544195421875 0.3245966125 0.252808075 0.3240724015625
0 0.2923367328125 0.3583503953125 0.2906237375 0.3549716921875 0.287566290625 0.35522403593749996 0.28690597812499996 0.355406628125 0.28523790781249997 0.356271578125 0.2864353140625 0.3589303171875 0.2923367328125 0.3583503953125
0 0.3054277078125 0.43272450156250003 0.3031019359375 0.4309949921875 0.30069063281249997 0.4313646015625 0.3009993828125 0.4336019765625 0.3045298296875 0.43514670781250003 0.3054277078125 0.43272450156250003
0 0.1614321 0.6982272093749999 0.15554466875 0.695702984375 0.15365420000000002 0.6980043499999999 0.15813578281250001 0.7007192046874999 0.1609645203125 0.6998877859375 0.1614321 0.6982272093749999
0 0.03756886875 0.72444358125 0.0324571359375 0.722495684375 0.0303783625 0.7245030781249999 0.0357622171875 0.7295872734375 0.039652014062500004 0.7272282234375 0.03756886875 0.72444358125
0 0.179011484375 0.771924978125 0.1826019109375 0.7722530984375 0.183393834375 0.770500175 0.181483265625 0.7678529203125 0.180643840625 0.7672287 0.17772249843750001 0.7681784 0.179011484375 0.771924978125
0 0.185517253125 0.813900959375 0.1884005828125 0.8103573031250001 0.18557185468749998 0.8090340515625 0.1833409875 0.810720575 0.18355441249999999 0.8125525140625 0.185517253125 0.813900959375
0 0.1296242484375 0.904938725 0.12287192499999999 0.9043782828125 0.1177763828125 0.905607784375 0.1195909484375 0.9070683265625 0.129395915625 0.9069995703125 0.1296242484375 0.904938725
0 0.122138365625 0.9011559203124999 0.1169071078125 0.902173315625 0.1167544125 0.9023938125000001 0.1154936 0.9050255625 0.1183406265625 0.9059156875 0.1230120390625 0.9044824765625 0.12378633593749999 0.90316216875 0.122138365625 0.9011559203124999
0 0.15729042499999998 0.90521495625 0.1606365703125 0.9044684625 0.16226855 0.903340228125 0.161590653125 0.9022787171875001 0.1543877375 0.902163978125 0.1535649546875 0.9046742249999999 0.15729042499999998 0.90521495625
0 0.1604479296875 0.9055551875000001 0.1578502734375 0.9056307718750001 0.1572806046875 0.9089988359375001 0.1610199578125 0.9092148421875 0.1619784796875 0.9069162093750001 0.1604479296875 0.9055551875000001
0 0.1658104671875 0.9048587796875 0.16161610625 0.905196875 0.1616459578125 0.908007121875 0.16525403125 0.9079021375 0.1680491421875 0.9065235203125 0.1682900546875 0.9041379875000001 0.166283103125 0.9038720609374999 0.1658104671875 0.9048587796875
0 0.1899849828125 0.9094527937500001 0.1892293609375 0.9067719359374999 0.18748435937500002 0.9071470312500001 0.18346980468750002 0.9066151984375 0.1830280296875 0.90684459375 0.182917765625 0.9095506484375001 0.185921903125 0.91011188125 0.18835805156250002 0.9104730999999999 0.1899849828125 0.9094527937500001
0 0.21883628281249998 0.8983422984375 0.2188186359375 0.898775403125 0.21875248125 0.9003989375 0.2321699390625 0.9001167999999999 0.2320922140625 0.89849745 0.21883628281249998 0.8983422984375
0 0.24001206718749998 0.898699596875 0.2429727453125 0.90034333125 0.2452521375 0.8974658921875 0.2456331859375 0.8951840625 0.24420305781249999 0.8949013515625 0.24200746562500003 0.8957221515624999 0.24162643906249998 0.8980034937499999 0.24001206718749998 0.898699596875
0 0.2449498453125 0.897799009375 0.24310339375 0.9006638515625 0.2463436703125 0.902515503125 0.24912996718749997 0.90135319375 0.24862748125 0.8995296625 0.2449498453125 0.897799009375
0 0.2473859734375 0.8981607171875 0.2499218921875 0.8996002703125001 0.24986455312500003 0.901007496875 0.25170116249999996 0.9019270234375 0.2545834640625 0.9019514265625 0.25609739375 0.9001774953125 0.253998184375 0.898616965625 0.2528924140625 0.8974596359375001 0.2500718484375 0.89592009375 0.246223890625 0.8948425515625 0.2455449671875 0.8973491015624999 0.2473859734375 0.8981607171875
0 0.251992259375 0.8947829796875 0.24952590312499998 0.8951790656249999 0.253998184375 0.898616965625 0.25583479374999996 0.89953649375 0.255777453125 0.9009437203124999 0.2578203515625 0.9003434140625 0.25775520625000004 0.8983993781249999 0.251992259375 0.8947829796875
0 0.263482875 0.9028814984375 0.2649791578125 0.9015406734375 0.2612502765625 0.8975407671875001 0.25847279375 0.89848676875 0.25788650625 0.8987198781249999 0.2582621078125 0.9001145078125001 0.2592196015625 0.9013839359375 0.26069216093750003 0.9041522046875 0.263482875 0.9028814984375
0 0.2977523765625 0.8932354453125001 0.30103169375 0.89411299375 0.3052850734375 0.8887995906249999 0.301576578125 0.8878262625 0.2977523765625 0.8932354453125001
0 0.303197059375 0.8940499875000001 0.3077846703125 0.894673415625 0.308611890625 0.8920542812500001 0.304470453125 0.8910935484375001 0.303197059375 0.8940499875000001
0 0.312333615625 0.8927029046875001 0.30872554375 0.8928078875000001 0.30777143906250004 0.894998121875 0.3089257359375 0.8949645359374999 0.309729884375 0.896454478125 0.312498534375 0.895725275 0.3125867515625 0.8935602359375 0.312333615625 0.8927029046875001
0 0.29191075 0.9021626015624999 0.2927600140625 0.899002453125 0.2852466234375 0.8994376093750001 0.28514959218749997 0.9018189578125 0.29191075 0.9021626015624999
0 0.3275038828125 0.89539693125 0.32159098125 0.8954607109375001 0.3215027625 0.8976257499999999 0.325832840625 0.8974997578125 0.32724973749999997 0.8981071734375 0.3275038828125 0.89539693125
0 0.32821808125 0.8920246609375001 0.32375295625 0.8919380421875 0.32293391875 0.8943403984374999 0.32710181718750003 0.8946517171874999 0.32821808125 0.8920246609375001
0 0.3525750890625 0.8886130984375 0.35296495 0.886114959375 0.3499343515625 0.8862031421875001 0.34879705 0.8858036406249999 0.3485208421875 0.8890553859375 0.3525750890625 0.8886130984375
0 0.360271675 0.890767675 0.3569221640625 0.8880540187499999 0.355869315625 0.885597859375 0.3542681953125 0.8859687703124999 0.3525618578125 0.8889378046875 0.352915415625 0.89087345 0.3589844203125 0.8940483499999999 0.3618192234375 0.8916956109375 0.360271675 0.890767675
0 0.455901153125 0.878794878125 0.45674600156249995 0.875743128125 0.4492892984375 0.874771078125 0.449179034375 0.8774771328125001 0.455901153125 0.878794878125
0 0.4602580484375 0.8744519203125 0.464106678125 0.8755289546875 0.46760275625 0.871102771875 0.4637365 0.870458353125 0.4602580484375 0.8744519203125
0 0.4655738125 0.8819731921875 0.46746877031249995 0.8779179203125 0.46434214531249995 0.876819878125 0.46197455468750004 0.88186186875 0.4655738125 0.8819731921875
0 0.46644409531250003 0.8818400890625 0.46971083281250003 0.8830423234375001 0.47022860624999996 0.8774050265625 0.46775783281249994 0.877909509375 0.46644409531250003 0.8818400890625
0 0.47032019375 0.8787001359375 0.47087120625 0.8793327484375 0.4701702375 0.8823803124999999 0.476415659375 0.8812256234375001 0.477247928125 0.8784985609374999 0.47032019375 0.8787001359375
0 0.4230903453125 0.8620576859375 0.4184252921875 0.8596802953125 0.41640768906250003 0.8615908062500001 0.41689381093750005 0.862634975 0.42101876562499996 0.8652929046875 0.4230903453125 0.8620576859375
0 0.45767776875 0.8183251546875001 0.4584812828125 0.8159208140624999 0.45513726718749997 0.8157532906249999 0.4496724578125 0.8200129015625001 0.453834521875 0.8217440921874999 0.45767776875 0.8183251546875001
0 0.4269924703125 0.796598371875 0.429196321875 0.798782553125 0.4339493421875 0.7946763078125 0.43137040625 0.7930317109375 0.4269924703125 0.796598371875
0 0.42717970625 0.7963281015625 0.43191115937499996 0.792751153125 0.4307294375 0.7914628890625 0.42810732968750004 0.7908778609375 0.4240930609375 0.7941691171875 0.42717970625 0.7963281015625
0 0.5249481734375 0.8381939296875001 0.52291538125 0.8361364484375 0.519854059375 0.837680828125 0.5201212468749999 0.8397891953125001 0.5229359640625 0.8399721171874999 0.5249481734375 0.8381939296875001
0 0.6493055625 0.80018516875 0.6531752125 0.802900759375 0.6568518171875 0.794937871875 0.6533181124999999 0.7942550046875 0.6493055625 0.80018516875
0 0.7439262421875 0.7968038281250001 0.744969909375 0.79174525 0.74066175 0.789514025 0.7384083796875001 0.7985352703124999 0.7425075359375 0.8007730625 0.7439262421875 0.7968038281250001
0 0.7326176671875 0.83782724375 0.7356801765625 0.83978063125 0.7405639703125 0.8330394265625 0.7370110296875 0.8328287281250001 0.7326176671875 0.83782724375
0 0.662162540625 0.5977520875 0.664119175 0.601151990625 0.6709525671875001 0.597967446875 0.668774115625 0.594888565625 0.662162540625 0.5977520875
0 0.7948217546875 0.5872125296874999 0.7912774437500001 0.5889284890625001 0.792662025 0.5914939968749999 0.7981889125 0.5898442234375 0.7981190734375 0.587488703125 0.7948217546875 0.5872125296874999
0 0.6352041421875 0.75724800625 0.6323888046875 0.755021628125 0.6334730375000001 0.753579646875 0.631160234375 0.7515956671875 0.625634553125 0.7571416546874999 0.6304307109375 0.7611051421874999 0.6352041421875 0.75724800625
0 0.6679080578125001 0.7518085828125 0.6631785125 0.7504074968750001 0.6593135078125 0.75295603125 0.6665898296874999 0.754796075 0.668685728125 0.753708965625 0.6679080578125001 0.7518085828125
0 0.857250790625 0.6405176109374999 0.860289659375 0.6414553140625 0.8640253 0.6378844203125 0.8618575796875 0.6365370593749999 0.857250790625 0.6405176109374999
0 0.6972212109375 0.18745169687500002 0.6974235140625 0.1899555265625 0.705181128125 0.189958046875 0.70819876875 0.1905549765625 0.708689621875 0.1859772625 0.70642839375 0.185472446875 0.7042310734375 0.1871336078125 0.6972212109375 0.18745169687500002
0 0.5509601265625 0.26256475625000003 0.5572381703125 0.2585029 0.5547281046875 0.25663634375 0.5494418234375 0.2594349671875 0.5509601265625 0.26256475625000003
0 0.4628484484375 0.2670681375 0.46531706249999993 0.2641749484375 0.46118144687499996 0.26182653437500003 0.45991803593749997 0.2639794359375 0.4628484484375 0.2670681375
0 0.6747692359374999 0.0974469703125 0.6783717578124999 0.095579103125 0.672167359375 0.092056509375 0.6699553593750001 0.094413071875 0.6747692359374999 0.0974469703125
0 0.15008264531249998 0.20605026406250002 0.1524223640625 0.203240321875 0.146655928125 0.20042776093749998 0.14484206718749998 0.20202996718750002 0.15008264531249998 0.20605026406250002
0 0.1510387171875 0.20208815000000002 0.1521623796875 0.20181696875 0.1520910671875 0.199673153125 0.15055274999999999 0.19840697031250001 0.148638390625 0.198581671875 0.1468099265625 0.2005422765625 0.1510387171875 0.20208815000000002
0 0.5211185953124999 0.09988110156249999 0.5170541859375 0.09821096093750001 0.514777675 0.09946963125 0.5187934609375 0.1023331328125 0.521190559375 0.1020248984375 0.5211185953124999 0.09988110156249999
0 0.377809390625 0.1684276828125 0.382869421875 0.165181103125 0.38039550625 0.16346468125 0.375977046875 0.16657359375 0.377809390625 0.1684276828125
0 0.38661062031250004 0.1669796484375 0.38303800625 0.1649377109375 0.379096759375 0.1680327375 0.38171980156249996 0.16998330625 0.38661062031250004 0.1669796484375
0 0.2842081890625 0.6221529609374999 0.2887391390625 0.6170333921875 0.2844625390625 0.6159107734375 0.2837863375 0.6161801515625001 0.2837965234375 0.6159301515625 0.27963894218749996 0.62004150625 0.2842081890625 0.6221529609374999
0 0.3531984375 0.618150359375 0.35706402187499997 0.6130501500000001 0.35073915312500004 0.613234184375 0.3489421703125 0.6165287171875 0.3531984375 0.618150359375
0 0.2728939328125 0.638691446875 0.27841339375 0.63379281875 0.275176178125 0.6316426046875 0.27071645625 0.635014128125 0.2728939328125 0.638691446875
0 0.4767094421875 0.6552050828125 0.4742393390625 0.6505384390625 0.47082916875 0.65263285625 0.47194690625 0.6578372796874999 0.4759416984375 0.6577210421874999 0.4767094421875 0.6552050828125
0 0.3752048890625 0.3392065984375 0.377365053125 0.3351538515625 0.3734618234375 0.33302301875 0.37030296093750004 0.3371048234375 0.3752048890625 0.3392065984375
0 0.44188409218749997 0.3869579359375 0.4364664140625 0.3874754984375 0.43636367187499997 0.3899969828125 0.44175932500000004 0.3900199484375 0.443058928125 0.3875533765625 0.44188409218749997 0.3869579359375
0 0.4407209234375 0.3831238140625 0.43803927812500004 0.3841913890625 0.43827087656249997 0.38733276875 0.44151672499999994 0.3871485890625 0.4420162 0.3837157484375 0.4407209234375 0.3831238140625
0 0.44715629218749997 0.3870742296875 0.4464112 0.384757378125 0.4424599609375 0.384602646875 0.44140362343749995 0.386971915625 0.44245500625 0.38766068593749997 0.44715629218749997 0.3870742296875
0 0.571547159375 0.619670525 0.5719780937500001 0.6159090203125 0.56591253125 0.614836015625 0.563004478125 0.618044853125 0.571547159375 0.619670525
0 0.6304558874999999 0.5983781359375 0.63365043125 0.5949527125 0.6318319203125 0.5918814046875001 0.6279138546875 0.5926201546875001 0.6304558874999999 0.5983781359375
0 0.06016429540046393 0.5725676702956866 0.012100751977166358 0.00971598079967002
0 0.12423606566641901 0.4747235521907133 0.015879667984777558 0.006704641066226813
0 0.04668011555268827 0.6353859190420453 0.008975751977166357 0.009625052586424765
0 0.06877795003936864 0.6292806715493278 0.013567751482874767 0.007417694906292738
0 0.18666578699750694 0.6086833635526266 0.01044275148287479 0.007326766693047304
0 0.2130744366934958 0.6882882955267957 0.011192167984777512 0.006568248746358663
0 0.08535931908927907 0.8543117637900537 0.005787084980971957 0.007971624373179508
0 0.2950380666178211 0.8599155914493029 0.011287668479069169 0.008911998746359017
0 0.5620756693932902 0.7600673894833812 0.01516208498097189 0.008244409012915455
0 0.5786264994313463 0.7751922843105318 0.012818334980972068 0.008176212852981379
0 0.5227293265036529 0.8064710280423256 0.010379084486680411 0.00576426669304766
0 0.5793931619789164 0.794678070203909 0.008912084980972068 0.008062552586424587
0 0.6823961451730025 0.8712740109535666 0.04438666996194396 0.01689799498543536
0 0.7795894801539744 0.8606427363429603 0.023070085475263548 0.010815479546028683
0 0.7657299100017501 0.7986201094624986 0.013631418479069169 0.008980194906292737
0 0.7690313235379034 0.8133501991959419 0.016007001977166268 0.009829641066226812
0 0.8122428126634883 0.8635942401038841 0.015289418973360825 0.011369409012915454
0 0.8268093314465688 0.7742134913575254 0.01135133547526337 0.01047449874635884
0 0.8540549223590398 0.7375258335982512 0.008162668479069168 0.008821070533113406
0 0.7569398418266922 0.7270860902621687 0.0073495849809720685 0.008017088479802047
0 0.7489681743362061 0.7312196607952821 0.011096667490485856 0.0042244987463586625
0 0.7690233477581911 0.69864284151581 0.011160334486680412 0.005786998746358662
0 0.8093472588228865 0.7240005426903089 0.009629667984777513 0.006522784639736124
0 0.8496658527011072 0.6728866720780532 0.01694741946765248 0.013758623119538172
0 0.8512575276059667 0.6338241720780532 0.010506418479069168 0.008889266693047482
0 0.6810723615983556 0.6356547596999255 0.012913835475263546 0.010519962852981379
0 0.7114190947924416 0.7143647814075378 0.009597834486680413 0.005741534639736123
0 0.7969255132715107 0.7032932375966017 0.010474584980972068 0.008108016693047304
0 0.7886355108000528 0.7152393081297151 0.008848417984777512 0.006500052586424765
0 0.6161569688224489 0.5243966624446348 0.015353085969555025 0.012931909012915455
0 0.5876818003433797 0.533808766363843 0.013535917984777513 0.006636444906292738
0 0.619585716350991 0.536001752178078 0.015162084980972068 0.008244409012915455
0 0.6253979535365908 0.20185407271119143 0.011192167984777512 0.00656824874635884
0 0.6434622040308824 0.19898748548503065 0.01203708498097189 0.008153480799670109
0 0.5319344550194656 0.19755066910855235 0.010506418479069168 0.008889266693047437
0 0.5891885395061459 0.19042247921682448 0.008943918479069168 0.008843802586424764
0 0.5760346234985347 0.18768392412311724 0.00809900148287479 0.0072585705331134065
0 0.6811067840689384 0.21349861487277494 0.015847834486680413 0.005923391066226813
0 0.5940153023577273 0.12941678305689047 0.01932300296574958 0.014608069279472159
0 0.1728724728139627 0.12372334184501436 0.015225751977166357 0.009806909012915454
0 0.33694956026639256 0.09944109270294417 0.020167919961943958 0.016193301332783516
0 0.23753319760509176 0.24123143910030506 0.015225751977166357 0.009806909012915454
0 0.2090116081754955 0.27093331096620193 0.012164418973360824 0.01127848079967011
0 0.1795867519399853 0.3802544866721648 0.016820085475263546 0.010633623119538171
0 0.5225741120926471 0.6379256165221276 0.012068918479069168 0.008934730799670021
0 0.4543188606097724 0.6469345551602143 0.016007001977166268 0.009829641066226812
0 0.5350794292791219 0.7140334754559008 0.011383168973360825 0.011255748746358662
0 0.5695499297734136 0.7106895151102017 0.011973417984777513 0.006590980799670021
0 0.5851112627772193 0.7117973740439749 0.011973417984777513 0.006590980799670021
0 0.5350011748304977 0.7351044934025894 0.007254084486680412 0.005673338479802226
0 0.6651635187087181 0.6813764366595295 0.008035334486680413 0.005696070533113407
0 0.5735476575674732 0.4210730856433152 0.012850168479069168 0.00895746285298138
0 0.5601510024342768 0.36684022670954197 0.010570085475263547 0.010451766693047482
0 0.5482412514456938 0.3718687075092121 0.009725168479069169 0.008866534639736124
0 0.47148775045711055 0.3787839487337235 0.01669275148287479 0.007508623119538172
0 0.4577873477953721 0.3128550718532616 0.008067167984777513 0.006477320533113407
0 0.4549024283277198 0.3262045180131957 0.009629667984777513 0.006522784639736124
0 0.4752268571869124 0.2678691807870348 0.008162668479069168 0.008821070533113406
0 0.7575711249814094 0.17537883775488625 0.008912084980971891 0.008062552586424765
0 0.7630544624338393 0.1557111954350182 0.012068918479069168 0.00893473079967011
0 0.7771806294300337 0.15373951847541406 0.00809900148287479 0.0072585705331134065
0 0.7797671185556189 0.20516562615554604 0.010538251977166268 0.009670516693047393
0 0.7739336126241197 0.23342701847541408 0.015321252471457925 0.012150659012915455
0 0.6025307979091028 0.15023774841715437 0.012818334980972068 0.008176212852981469
0 0.6839691403044487 0.10495032897939763 0.010410917984777512 0.0065455166930474375
0 0.39518387152136836 0.20231002843803694 0.012037084980971979 0.008153480799670109
0 0.3864137079852151 0.18773906307777302 0.012850168479069168 0.008957462852981468
0 0.3585924555137571 0.20025343494366993 0.012068918479069168 0.00893473079967011
0 0.35757378357464686 0.22525343494366995 0.01125583498097189 0.008130748746358751
0 0.4258237178710468 0.13977292451882867 0.01122400148287479 0.007349498746358751
0 0.42778417140763764 0.3597671757724699 0.008912084980971891 0.008062552586424765
0 0.3687593398867068 0.35290106182413183 0.013631418479069169 0.008980194906292737
0 0.40495682505795916 0.4220769591585647 0.01047458498097189 0.008108016693047304
0 0.4121008215979181 0.4382558886254514 0.008035334486680413 0.005696070533113407
0 0.3486166417501424 0.502528988783736 0.012037084980971979 0.00815348079967002
0 0.2767098082520452 0.5054015876883792 0.010506418479069168 0.008889266693047303
0 0.4189928087463368 0.49892060398571525 0.009725168479069169 0.008866534639736124
0 0.5230781308757274 0.5489540447353729 0.012945668973360825 0.01130121285298138
0 0.4345939510279518 0.6139545705996203 0.011973417984777513 0.006590980799670021