0 0.9662139606779856 0.5054251268842137 0.01270002175149294 0.009103085969555025
0 0.48302286702249964 0.37369489619876667 0.011119337955902786 0.008258168973360736
0 0.4441759597280551 0.5001592371112377 0.0103017203647223 0.006663835475263546
0 0.7253687954997564 0.6252905938038584 0.011900587955902786 0.008290002471457924
0 0.6273690130146871 0.5434277815602995 0.010319904160312454 0.007445085475263546
0 0.479208842421215 0.302823980685447 0.01348127175149294 0.009134919467652302
0 0.3935408333031593 0.46241649798565254 0.00952047036472221 0.006632001977166268
0 0.48073170877812466 0.4721323961987666 0.01348127175149294 0.009134919467652481
0 0.5196513512549302 0.3425430552862957 0.013517639342673604 0.010697419467652302
0 0.4455553153513884 0.5750319031188489 0.011101154160312631 0.007476918973360824
0 0.3347113471708677 0.44139834384103943 0.011101154160312455 0.007476918973360824
0 0.8683765259324648 0.4836548976444604 0.011101154160312631 0.007476918973360824
0 0.6750662030785414 0.3049900226630509 0.010319904160312632 0.007445085475263546
0 0.48725250608083287 0.5608447277196975 0.014317073138263936 0.01151050296574958
0 0.34960376966420076 0.740507005894318 0.012681837955902785 0.008321835969555024
0 0.8939584073913537 0.4576362257053502 0.010319904160312632 0.007445085475263546
0 0.7539152888502427 0.43836625536284546 0.012754573138263937 0.011446835969555025
0 0.8424114783454162 0.5932036525873763 0.014298889342673603 0.010729252965749581
0 0.3303128282691662 0.5297750943353311 0.010319904160312542 0.007445085475263546
0 0.593321321335312 0.5307659554765761 0.011918771751493118 0.009071252471457925
0 0.8022644827138192 0.306051162473208 0.012736389342673604 0.010665585969555202
0 0.2393968875397218 0.5459677801146058 0.011918771751493118 0.009071252471457925
0 0.6376694269586454 0.6038877790888415 0.010338087955902787 0.008226335475263547
0 0.7712489124253469 0.3978540019028043 0.011900587955902786 0.008290002471457924
0 0.6971548361529509 0.5296571002296491 0.009556837955902786 0.008194501977166268
0 0.4938317740326038 0.4458418102292116 0.014280705547083272 0.00994800296574958
0 0.8625109984813886 0.33325564962162674 0.011101154160312631 0.007476918973360736
0 0.5681018093674648 0.608283460419492 0.011101154160312455 0.007476918973360824
0 0.4416873925737148 0.47294282110362645 0.010319904160312632 0.007445085475263546
0 0.8211391564414232 0.4340660745264865 0.0095204703647223 0.006632001977166268
0 0.62873018484243 0.6190816975679108 0.011119337955902786 0.008258168973360824
0 0.3941746533072912 0.5693204139932637 0.011119337955902786 0.008258168973360824
0 0.8107770057964924 0.7451309085188753 0.01270002175149294 0.009103085969555202
0 0.6687421614754163 0.3754935236516341 0.01348127175149294 0.009134919467652302
0 0.8751310997363188 0.6964586451730025 0.011137521751493296 0.009039418973360825
0 0.40482055936746475 0.6149366615218059 0.010319904160312454 0.007445085475263546
0 0.39032230148368 0.6006977479856526 0.008739220364722211 0.006600168479069168
0 0.5466995880528119 0.5888622983662135 0.013517639342673604 0.010697419467652302
0 0.4343132632990274 0.35382540657889 0.01191877175149294 0.009071252471457925
0 0.42469730148368007 0.599297074069376 0.01191877175149294 0.009071252471457925
0 0.25858525826503437 0.42576802665456465 0.01193695554708336 0.009852502471457924
0 0.634224957162604 0.21533461505839666 0.011900587955902786 0.008290002471457924
0 0.5450689253431247 0.3571175498490882 0.014262521751492941 0.009166752965749491
0 0.4354016781929163 0.44119807258650123 0.009575021751493117 0.008975751977166269
0 0.6443922056439926 0.583320611104064 0.010338087955902787 0.008226335475263547
0 0.7420666394395828 0.5785601738419146 0.009556837955902786 0.008194501977166268
0 0.8208508285535068 0.3123184085188753 0.011155705547083273 0.009820668973360735
0 0.6354328201010411 0.6999815290888416 0.014298889342673603 0.010729252965749581
0 0.8671419874634718 0.43609414813875197 0.013517639342673604 0.010697419467652302
0 0.33038425703076335 0.5937739273391367 0.010319904160312454 0.007445085475263546
0 0.45378865549149267 0.42249715213026573 0.011900587955902786 0.008290002471457924
0 0.6673777235957635 0.46764919015353695 0.009538654160312632 0.007413251977166269
0 0.5456462343293398 0.5670509653624078 0.013517639342673604 0.010697419467652302
0 0.4505824285741659 0.862054400647391 0.011119337955902786 0.008258168973360824
0 0.9632558808902079 0.33071162836708845 0.011900587955902608 0.008290002471457924
0 0.6909107150463887 0.22785451969730142 0.0110829703647223 0.006695668973360824
0 0.7492648096518052 0.40343283984952577 0.010338087955902787 0.008226335475263547
0 0.8753389600123956 0.28512189715016883 0.011900587955902608 0.008290002471457924
0 0.774496626521805 0.6271913334237351 0.011918771751493118 0.009071252471457925
0 0.6500622838162495 0.507380193613578 0.011155705547083273 0.009820668973360824
0 0.7510260249825343 0.4618992558571369 0.011936955547083272 0.009852502471457924
0 0.28218249316305505 0.6191532707230656 0.011900587955902786 0.008290002471457924
0 0.8063155498681593 0.3332039114846248 0.013499455547083272 0.009916169467652303
0 0.7579683156357289 0.3648332548685538 0.011119337955902786 0.008258168973360736
0 0.2674270492994785 0.7500995231945236 0.009556837955902786 0.008194501977166268
0 0.6809459950629161 0.6559795196973014 0.010338087955902787 0.008226335475263547
0 0.6076682299609368 0.8533121175298547 0.019022756933854267 0.012482753954332538
0 0.44848160002065923 0.5163744861226546 0.010338087955902787 0.008226335475263547
0 0.9572026365897912 0.49018212886138013 0.009556837955902609 0.008194501977166268
0 0.23591343731097197 0.2932247820917721 0.011900587955902786 0.008290002471457924
0 0.7084553588543745 0.5471483477581911 0.01191877175149294 0.009071252471457925
0 0.7958839300927772 0.4795841629674996 0.016679006933854268 0.012387253460041058
0 0.7236446009705898 0.5316997612943444 0.008757404160312454 0.007381418479069169
0 0.661542031632048 0.6513066071497313 0.010319904160312454 0.007445085475263546
0 0.842742052717951 0.41133157007786225 0.011119337955902609 0.008258168973360824
0 0.7264643957078469 0.3434821782905388 0.013499455547083272 0.009916169467652303
0 0.7256785732351732 0.5784474273019556 0.011137521751493119 0.009039418973360825
0 0.5976815130146871 0.544637454487993 0.014298889342673603 0.010729252965749581
0 0.6986238043334716 0.6677473492410659 0.011137521751493119 0.009039418973360825
0 0.5995577100123957 0.2963591219784789 0.0095204703647223 0.006632001977166358
0 0.5477562078281941 0.442864048860505 0.014298889342673603 0.010729252965749581
0 0.6665276576756941 0.2694345246402173 0.01270002175149294 0.009103085969555114
0 0.29284854264996485 0.5633025187458992 0.011918771751493118 0.009071252471457925
0 0.4670302718484023 0.5913280651721274 0.009502286569131968 0.005850751977166268
0 0.4574903112673258 0.6658651501530993 0.008721036569131969 0.005818918479069168
0 0.7143793569545135 0.49383234676960797 0.010356271751492941 0.009007585475263546
0 0.7125817740326038 0.4369284307619967 0.010356271751492941 0.009007585475263546
0 0.806403856004583 0.46354532749223604 0.010319904160312632 0.007445085475263546
0 0.8428868698722912 0.438643486579765 0.008757404160312631 0.007381418479069169
0 0.8025898314032982 0.3926744119789164 0.008757404160312631 0.007381418479069169
0 0.9550433373872218 0.3482174633480605 0.007921602773541637 0.00500583498097198
0 0.9043166387739927 0.3479428907243782 0.008739220364721944 0.006600168479069168
0 0.5148534420606247 0.4145453892786845 0.01758754350298606 0.017887836958138337
0 0.5624187730826732 0.41650979589475556 0.014389808320624909 0.014635502965749581
0 0.7439934685617704 0.5293095903438173 0.011882404160312632 0.007508752471457924
0 0.6015325584175342 0.5803839534994097 0.016642639342673606 0.010824753460041237
0 0.3873589960128466 0.6944795814837498 0.012700021751493118 0.009103085969555202
0 0.6522261554914927 0.414411443613578 0.0142079703647223 0.006823002965749581
0 0.6900157898001732 0.46750726870871817 0.0118642203647223 0.006727502471457925
0 0.763107797683958 0.4793586698875818 0.008721036569131969 0.005818918479069168
0 0.7702306198722912 0.4416040019028042 0.007140352773541636 0.004974001482874612
0 0.65803778476618 0.5335925251345088 0.0095204703647223 0.006632001977166268
0 0.6822929023573606 0.5310431866934958 0.008721036569131969 0.005818918479069168
0 0.5709008074676036 0.5550947934232976 0.0087392203647223 0.006600168479069168
0 0.6331644181249301 0.562704363575522 0.010319904160312454 0.007445085475263546
0 0.5703013954235064 0.5473141269213947 0.007921602773541637 0.005005834980972068
0 0.5608153330188189 0.6530693784042695 0.010319904160312632 0.007445085475263546
0 0.6235153547703118 0.6419289485564939 0.008757404160312631 0.007381418479069169
0 0.6442077548465619 0.7253807771116753 0.007994337955902786 0.008130834980972067
0 0.8187901807583675 0.7026569070360006 0.0095204703647223 0.006632001977166268