0 0.41484375 0.56171875 0.01328125 0.0078125
0 0.3640625 0.53671875 0.01328125 0.00859375
0 0.4640625 0.3953125 0.0046875 0.0078125
0 0.44375 0.40625 0.01328125 0.00625
0 0.53671875 0.35859375 0.0078125 0.0140625
0 0.5 0.33515625 0.01953125 0.0140625
0 0.63203125 0.3734375 0.01953125 0.01015625
0 0.71484375 0.31328125 0.01640625 0.0125
0 0.609375 0.25625 0.021875 0.01484375
0 0.965625 0.31875 0.01875 0.01171875
0 0.82578125 0.21640625 0.02578125 0.01484375
0 0.37109375 0.27109375 0.0171875 0.015625
0 0.2546875 0.478125 0.0125 0.00625
0 0.19921875 0.5171875 0.01171875 0.00859375
0 0.271875 0.54609375 0.01484375 0.00546875
0 0.3203125 0.45625 0.009375 0.0140625
0 0.67578125 0.59375 0.01875 0.0203125
0 0.78515625 0.5703125 0.0234375 0.01171875
0 0.11171875 0.63125 0.0203125 0.009375
0 0.3765625 0.6 0.01640625 0.01171875
0 0.3671875 0.44296875 0.0109375 0.00859375
0 0.371875 0.47421875 0.009375 0.00703125
0 0.38671875 0.45234375 0.0078125 0.00703125
0 0.390625 0.465625 0.00703125 0.00625
0 0.4328125 0.46328125 0.0078125 0.00546875
0 0.39765625 0.4875 0.00703125 0.00625
0 0.3875 0.49609375 0.0078125 0.00546875
0 0.4609375 0.43828125 0.01328125 0.00546875
0 0.4828125 0.48359375 0.0078125 0.00625
0 0.3953125 0.5140625 0.0078125 0.00703125
0 0.44921875 0.42734375 0.0078125 0.00703125
0 0.51484375 0.42734375 0.01015625 0.0078125
0 0.48671875 0.49921875 0.00859375 0.00703125
0 0.51484375 0.4765625 0.0078125 0.00546875
0 0.52578125 0.46328125 0.0109375 0.0078125
0 0.4328125 0.5171875 0.0078125 0.00625
0 0.47421875 0.50078125 0.0078125 0.00625
0 0.47421875 0.51484375 0.00625 0.00546875
0 0.31953125 0.5296875 0.00859375 0.00703125
0 0.47578125 0.4375 0.00625 0.00703125
0 0.38125 0.53828125 0.009375 0.00546875
0 0.096875 0.13828125 0.00859375 0.00703125
0 0.13984375 0.23046875 0.00859375 0.00625
0 0.1984375 0.23671875 0.01015625 0.00546875
0 0.346875 0.28046875 0.00859375 0.00625
0 0.3859375 0.33203125 0.0109375 0.00625
0 0.44921875 0.31953125 0.01015625 0.0046875
0 0.4421875 0.26484375 0.00859375 0.00703125
0 0.41953125 0.346875 0.0078125 0.00859375
0 0.45546875 0.340625 0.0078125 0.0046875
0 0.49375 0.3609375 0.00859375 0.00625
0 0.4953125 0.36796875 0.00625 0.00546875
0 0.50625 0.378125 0.00625 0.00703125
0 0.50390625 0.4171875 0.0109375 0.00859375
0 0.56640625 0.40546875 0.01015625 0.00625
0 0.559375 0.425 0.00859375 0.00859375
0 0.60859375 0.421875 0.0078125 0.00546875
0 0.60625 0.446875 0.01015625 0.00546875
0 0.5671875 0.50234375 0.01015625 0.00703125
0 0.60546875 0.61015625 0.0125 0.009375
0 0.39375 0.5609375 0.00859375 0.00859375
0 0.38359375 0.58125 0.0078125 0.00546875
0 0.321875 0.5890625 0.01015625 0.00703125
0 0.3453125 0.5625 0.00625 0.0078125
0 0.3453125 0.60234375 0.01015625 0.00546875
0 0.4375 0.6484375 0.01015625 0.00625
0 0.446875 0.64609375 0.0078125 0.00546875
0 0.49453125 0.64375 0.00859375 0.00625
0 0.4671875 0.6234375 0.0140625 0.00546875
0 0.43984375 0.61796875 0.0078125 0.00625
0 0.39765625 0.58125 0.00390625 0.00546875
0 0.359375 0.65625 0.00703125 0.00703125
0 0.3359375 0.6453125 0.009375 0.00703125
0 0.428125 0.59765625 0.0078125 0.00703125
0 0.57890625 0.61796875 0.01015625 0.0078125
0 0.54296875 0.5875 0.00859375 0.00625
0 0.5453125 0.6234375 0.0140625 0.00703125
0 0.63203125 0.640625 0.009375 0.00703125
0 0.56171875 0.640625 0.009375 0.00625
0 0.5140625 0.6359375 0.0078125 0.0046875
0 0.5109375 0.64609375 0.00625 0.00546875
0 0.48515625 0.62421875 0.009375 0.00859375
0 0.57890625 0.60078125 0.00859375 0.00625
0 0.61171875 0.6234375 0.00625 0.00703125
0 0.69921875 0.584375 0.009375 0.00703125
0 0.57734375 0.57265625 0.00625 0.00546875
0 0.584375 0.56640625 0.00703125 0.00703125
0 0.76328125 0.565625 0.01015625 0.00625
0 0.7828125 0.51875 0.0109375 0.00703125
0 0.828125 0.56484375 0.01015625 0.00703125
0 0.75546875 0.50703125 0.00859375 0.00546875
0 0.77734375 0.48125 0.00859375 0.00703125
0 0.77890625 0.49296875 0.0078125 0.00546875
0 0.88046875 0.5 0.009375 0.0046875
0 0.74765625 0.53671875 0.0109375 0.00546875
0 0.66953125 0.5734375 0.01171875 0.00625
0 0.6390625 0.49140625 0.01015625 0.00625
0 0.6140625 0.4828125 0.01484375 0.009375
0 0.6921875 0.5953125 0.0125 0.00625
0 0.77265625 0.60546875 0.01171875 0.00703125
0 0.83828125 0.6 0.009375 0.00859375
0 0.71328125 0.6421875 0.00703125 0.00703125
0 0.92265625 0.5171875 0.0109375 0.00546875
0 0.934375 0.5609375 0.00859375 0.00703125
0 0.98125 0.59765625 0.00859375 0.0046875
0 0.8875 0.7078125 0.0109375 0.00703125
0 0.728125 0.65703125 0.0125 0.00625
0 0.68828125 0.68046875 0.0125 0.0078125
0 0.60234375 0.6953125 0.0125 0.00546875
0 0.5890625 0.625 0.01015625 0.0046875
0 0.37890625 0.73515625 0.01015625 0.00703125
0 0.3078125 0.7140625 0.01171875 0.0078125