0 0.774185509375 0.44633681249999996 0.7791251734375 0.4462449796875 0.7787957109375 0.4398903328125 0.7744178109375001 0.4406880390625 0.774185509375 0.44633681249999996
0 0.8092246453125 0.44970719218750005 0.8125143140625 0.4516069765625 0.8163248046874999 0.4468804234375 0.8120802265625 0.4453361578125 0.8092246453125 0.44970719218750005
0 0.6944510875 0.40923032812500004 0.6980405484375 0.41047530156249995 0.701224021875 0.406254146875 0.6981654093749999 0.40482979375 0.6944510875 0.40923032812500004
0 0.66669483125 0.4082656015625 0.670323628125 0.410637040625 0.6751508562499999 0.40732548281250003 0.6717312921875 0.4047858953125 0.66669483125 0.4082656015625
0 0.7171933171875 0.4635584640625 0.7209582515624999 0.4636684953125 0.720328996875 0.45796865625 0.7165843921875 0.4584220796875 0.7171933171875 0.4635584640625
0 0.46239873749999993 0.47924169687499996 0.46181972968749996 0.48476177812500004 0.46503262031250003 0.48464958124999996 0.46491820781250004 0.481373215625 0.4644715578125 0.4796518328125 0.4630581453125 0.479701190625 0.46239873749999993 0.47924169687499996
0 0.4644580875 0.47926609062500003 0.464911471875 0.48118034375 0.46793825 0.479434465625 0.463961615625 0.4760993734375 0.461316896875 0.477735603125 0.46265925937499996 0.47932890781250004 0.4644580875 0.47926609062500003
0 0.4651488 0.47692616093750007 0.4671398421875 0.47869040937499996 0.4697236078125 0.47898590625 0.4703089796875 0.4773252828125 0.4671442234375 0.475119990625 0.46548374531250003 0.475467390625 0.4651488 0.47692616093750007
0 0.4709370640625 0.4805837125 0.47062605625 0.4790507 0.469466446875 0.4789948875 0.46766761875 0.47905770312499996 0.464779190625 0.481088165625 0.46715629999999997 0.48283893125 0.4709370640625 0.4805837125
0 0.4283947890625 0.47811333125 0.4262681234375 0.4761612015625 0.4215303953125 0.47680916875 0.4218811484375 0.479498940625 0.425465984375 0.4789875453125 0.4283947890625 0.47811333125
0 0.43102540625 0.476091871875 0.42865905781249997 0.47463063437499997 0.42650444375 0.47557411875 0.4282658828125 0.4781178328125 0.4307072890625 0.47803257656250003 0.43102540625 0.476091871875
0 0.4340619046875 0.47830164374999995 0.43624950937499996 0.47832156093749995 0.43800859531249997 0.47710198281249994 0.4377043203125 0.475761840625 0.4353238703125 0.473915371875 0.434579959375 0.4747132875 0.43036700312500004 0.471965278125 0.42813462343750003 0.47435904375 0.43207021250000005 0.47653741875 0.43440692812500004 0.4771314453125 0.4340619046875 0.47830164374999995
0 0.44479932499999997 0.47261943906250004 0.4482791921875 0.469120759375 0.4456489484375 0.46747562968749995 0.44152314375 0.47090055937499997 0.44261507968749997 0.472695715625 0.44479932499999997 0.47261943906250004
0 0.4299212375 0.48867402968749996 0.43124005312499997 0.48959301718750003 0.4336781 0.48941157031250004 0.43335399218750004 0.483826228125 0.43232935625 0.48395831874999995 0.4300404203125 0.484713875 0.4299212375 0.48867402968749996
0 0.44088078125 0.4893526640625 0.4446679265625 0.49095739375 0.446737740625 0.4876042625 0.4435864546875 0.48578471093750003 0.44088078125 0.4893526640625
0 0.43777148437499996 0.49978583125 0.438055940625 0.49688125781250003 0.4348228625 0.49641532968749996 0.434099140625 0.49779136875 0.43533007812499996 0.49987108593749996 0.43777148437499996 0.49978583125
0 0.44732297499999996 0.5080403812500001 0.45096538906249994 0.5055005796875001 0.4485849375 0.503654109375 0.4463390875 0.505662134375 0.44732297499999996 0.5080403812500001
0 0.4475828453125 0.5081276140625001 0.45110674375000004 0.5095484296875 0.4537541890625 0.5080089046875 0.454363109375 0.5070225984375 0.45315974687500005 0.5057138546875 0.4510970203125 0.5055927796875 0.4475828453125 0.5081276140625001
0 0.6432834625 0.464337453125 0.643675596875 0.464516378125 0.6431070734375 0.4666594234375 0.65067498125 0.4660089328125 0.6497930953125 0.462855675 0.6432834625 0.464337453125
0 0.7079092578124999 0.3328778953125 0.7110740140625 0.3350831890625 0.7155623390625 0.3309704625 0.7116530234375 0.32956310625 0.7079092578124999 0.3328778953125
0 0.53749883125 0.4492684484375 0.532217765625 0.4459862421875 0.5292947953125 0.44792355781250004 0.534057153125 0.45193812656250004 0.536501815625 0.45185275625 0.53749883125 0.4492684484375
0 0.5344575953125 0.4517202796875 0.5286086484375 0.44774365625 0.526171096875 0.44803263906249996 0.5262528921875 0.45037492500000004 0.5321881171875 0.452921015625 0.5344575953125 0.4517202796875
0 0.5525029828125 0.454556746875 0.5562158937499999 0.455752921875 0.5589287453125 0.45168117499999993 0.5553732515625 0.45109157499999997 0.5525029828125 0.454556746875
0 0.5803384953124999 0.46908405468750003 0.5761789187499999 0.46678199375 0.57381315625 0.46910806406249994 0.576342525 0.4714670515625 0.5789261484375 0.471478515625 0.5803384953124999 0.46908405468750003
0 0.3858429 0.4960123328125 0.3857134640625 0.492305790625 0.37920439375 0.494830325 0.37977989375 0.49781486406250003 0.3858429 0.4960123328125
0 0.3875276703125 0.49701387343750003 0.3851248421875 0.49568395 0.3821272359375 0.49755591718750003 0.38368728124999996 0.501742934375 0.38716791875 0.5002075578125 0.3875276703125 0.49701387343750003
0 0.3805069953125 0.44441978281249994 0.37664890156249997 0.44190333125 0.37093185625 0.44687441093749997 0.37360119062499997 0.449078915625 0.3805069953125 0.44441978281249994
0 0.3821794375 0.44506829375 0.3832819015625 0.4429090484375 0.3789531046875 0.440409034375 0.37689690625 0.442248128125 0.3821794375 0.44506829375
0 0.3792573890625 0.435626971875 0.3748299859375 0.430303228125 0.37110816875 0.43167054531250004 0.37532455 0.4377085734375 0.3792573890625 0.435626971875
0 0.372346240625 0.4333945984375 0.3706251375 0.4313339546875 0.3674349953125 0.434449503125 0.37128074375 0.4366124390625 0.37288473906249997 0.4353195671875 0.372346240625 0.4333945984375
0 0.4036771828125 0.43318389843749994 0.40320097343750005 0.43302404375 0.40141676875 0.435913521875 0.407869559375 0.4385158484375 0.41013062343750006 0.4357862015625 0.4036771828125 0.43318389843749994
0 0.4215856484375 0.44669634687500004 0.42582197656250004 0.4465484109375 0.42538289687499997 0.4407319328125 0.421450040625 0.4428130453125 0.4215856484375 0.44669634687500004
0 0.568253725 0.5770750703124999 0.562807403125 0.5774603203125 0.560558590625 0.5800741656249999 0.5626632625 0.580780428125 0.5670915812499999 0.5810159109375 0.568253725 0.5770750703124999
0 0.5291953234375 0.5903348546875 0.5341771750000001 0.5915258296875 0.5356330828125 0.58854955 0.530924603125 0.587739153125 0.5291953234375 0.5903348546875
0 0.630003609375 0.6328364265624999 0.6365570109375 0.6343626437500001 0.63870380625 0.6288274125 0.6337491515625 0.628415246875 0.630003609375 0.6328364265624999
0 0.5635173796874999 0.5828957906250001 0.562383103125 0.5802055140625 0.5584879203125 0.5803415359375 0.558077209375 0.583475890625 0.5635173796874999 0.5828957906250001
0 0.7338457703125 0.7175487296874999 0.7340239109375 0.71520225625 0.726664 0.7129239546874999 0.724647740625 0.71474943125 0.7249551296875001 0.7161041296875 0.7338457703125 0.7175487296874999
0 0.7253849296875 0.7209641984374999 0.7294174499999999 0.7173132468750001 0.7252216812500001 0.7162893953125 0.7219338078125 0.7189395249999999 0.7253849296875 0.7209641984374999
0 0.8004606843750001 0.696696503125 0.8036581937499999 0.6989250953125 0.8091880953125001 0.693466784375 0.8052385015624999 0.692044703125 0.8004606843750001 0.696696503125
0 0.865973896875 0.7634415406249999 0.8736139671875 0.76629475625 0.8758627953125 0.7636814000000001 0.8695004921875 0.760198378125 0.865973896875 0.7634415406249999
0 0.86885788125 0.7641210796875 0.8683383499999999 0.764139221875 0.8663220890625001 0.765964696875 0.8705790531250001 0.768740990625 0.8728414734375001 0.7665167937499999 0.86885788125 0.7641210796875
0 0.698481053125 0.872570121875 0.6987373 0.8679803984375001 0.6958142953124999 0.86777008125 0.6946903671875 0.871349284375 0.6958499203125 0.8727661328125 0.698481053125 0.872570121875
0 0.68760059375 0.8710762109375001 0.6948108796875 0.870824421875 0.6948732984375 0.8686359859375001 0.6880935390625 0.869288775 0.68760059375 0.8710762109375001
0 0.6890504078124999 0.864882846875 0.69072040625 0.8689892703125001 0.69500470625 0.8684231359375 0.6939432062499999 0.8658569359375001 0.6922137859374999 0.8640434656249999 0.69014525625 0.8644280906249999 0.6890504078124999 0.864882846875
0 0.6876121656249999 0.86743171875 0.6879584984375 0.869397621875 0.690859078125 0.868984428125 0.6902505640625 0.8674437156250001 0.6883752078125001 0.865427078125 0.68660514375 0.8664255781250001 0.6876121656249999 0.86743171875
0 0.686557946875 0.8650740156250001 0.6888354671875 0.86270360625 0.6841873234375 0.8607837984375 0.681990365625 0.8614853015625 0.686557946875 0.8650740156250001
0 0.6845511390625 0.867226221875 0.6871271609375 0.8654706609374999 0.6823003953125 0.8624116515625 0.6808264859375 0.8639204640625 0.6845511390625 0.867226221875
0 0.790351671875 0.8757134140625 0.7904932984374999 0.8797690781249999 0.7912338546875 0.881096428125 0.794010925 0.88110358125 0.7941096875 0.8759987046875001 0.7914719421874999 0.8759866859375001 0.790351671875 0.8757134140625
0 0.7987317046875 0.88510346875 0.8007668718750001 0.8877393109374999 0.8057518218749999 0.8834004906249999 0.8031982859375001 0.881824059375 0.7987317046875 0.88510346875
0 0.799523134375 0.8839303953125001 0.7993154734375 0.88195965 0.79762300625 0.8811857078124999 0.796531790625 0.8817444671875 0.7958014343750001 0.8846851421874999 0.7964142328125 0.8863298359374999 0.7980746640625 0.8861677203125 0.799523134375 0.8839303953125001
0 0.7917515468749999 0.883993521875 0.7937408453125 0.881321275 0.7901063203125 0.8806151484375 0.7892089078125 0.8827291015625001 0.7917515468749999 0.883993521875
0 0.5605928258528664 0.4857266134400276 0.011909722958158042 0.0058779777674814685
0 0.5672793354715132 0.49800835863070425 0.007976191106992658 0.004960318511654194
0 0.5887103913692958 0.529330280500403 0.009565972958158041 0.005796132213985139
0 0.5970685283926043 0.5446824619887488 0.0071949411069926585 0.0049330366604888095
0 0.621413763964634 0.5250594427514551 0.0071949411069926585 0.0049330366604888095
0 0.6991394598809502 0.5332960394860777 0.007249504809323426 0.00649553666048881
0 0.6621578150530932 0.5494493183420183 0.01040178666048881 0.0073859140651505225
0 0.579747108337004 0.6086457582678845 0.00727678666048881 0.00727678666048881
0 0.5072272675928312 0.6150892204262692 0.0071949411069926585 0.0049330366604888095
0 0.5542758823836211 0.640823341207509 0.005659722958158042 0.005659722958158042
0 0.5539857057045989 0.6549131230586744 0.008730159255827274 0.004206350362819755
0 0.44808788056952265 0.6015103592636764 0.01587053666048881 0.007576887023308565
0 0.45732647131369547 0.5972767270496913 0.007167659255827097 0.00415178666048881
0 0.40096734390903377 0.596116020333602 0.009593254809323427 0.006577382213985139
0 0.4289906509879426 0.5474230599893157 0.011210318511654193 0.008194445916316084
0 0.4476860872856118 0.5452057955613455 0.00962053666048881 0.007358632213985139
0 0.4612277760303517 0.7089954770496913 0.014417164065150524 0.01064732332097762
0 0.5398884893698629 0.699208760081983 0.00727678666048881 0.00727678666048881
0 0.5525521804768554 0.7034597504633362 0.008030754809323425 0.0065228185116541935
0 0.31591776523057846 0.781339246919957 0.014280754809323426 0.00674107332097762
0 0.3944420693142625 0.7676462799522489 0.012718254809323426 0.006686509618646852
0 0.3749653830165933 0.7698908262313846 0.008812004809323426 0.006550100362819755
0 0.34061766486775874 0.7718724776826634 0.005659722958158042 0.005659722958158042
0 0.3361384959932848 0.7556026369384906 0.010374504809323426 0.0066046640651507005
0 0.4876290741235859 0.770649739663563 0.011991568511654194 0.008221727767481469
0 0.4305730314726473 0.8391294103521354 0.014362600362819755 0.00908482332097762
0 0.2599777892771956 0.8145808220550332 0.008866568511654283 0.008112600362819933
0 0.24438007112836102 0.815907709078342 0.008784722958157954 0.005768850362819933
0 0.2632019929980599 0.7949131627992061 0.014280754809323426 0.00674107332097762
0 0.23711071895144276 0.7645361820364999 0.010429068511654194 0.0081671640651507
0 0.3154712988110244 0.4997618647059719 0.011264882213985139 0.009756945916316085
0 0.2932069184111378 0.5341740702409348 0.00883928666048881 0.0073313503628197555
0 0.2973587050716267 0.5410689109851077 0.011909722958158042 0.0058779777674814685
0 0.16825155842967127 0.5174181345762379 0.010429068511654283 0.008167164065150523
0 0.14841768574951497 0.19584323493905753 0.013018355172143137 0.015280259618646852
0 0.20335815689357442 0.15637894165514674 0.010483632213985138 0.009729664065150568
0 0.20778276206571755 0.1710862823993196 0.00883928666048881 0.00733135036281971
0 0.23135667132154475 0.17417407686435676 0.005096727767481468 0.01188244110699257
0 0.32041917132154474 0.17106394583149798 0.005042164065150523 0.01031994110699257
0 0.12227433720079381 0.2311730997298475 0.008085318511654283 0.008085318511654283
0 0.21049358901489237 0.27111356425048505 0.01430803666048881 0.007522323320977709
0 0.22971481496827523 0.23915423612018394 0.010347222958158042 0.005823414065150523
0 0.3110367368379741 0.21597714174781393 0.010429068511654283 0.008167164065150523
0 0.34767364128447775 0.21235114474303884 0.01681547776748147 0.012291668874473949
0 0.41477929573098155 0.207661155542812 0.01040178666048881 0.0073859140651505225
0 0.3971007224100038 0.1941988562684515 0.009593254809323427 0.006577382213985139
0 0.3948288942797027 0.17394091997078234 0.00962053666048881 0.007358632213985139
0 0.4491617302145521 0.1618749403892024 0.008757441106992659 0.004987600362819711
0 0.5152133161494016 0.149399733040141 0.01274553666048881 0.007467759618646852
0 0.525642384661056 0.15685756897499042 0.007976191106992658 0.004960318511654282
0 0.5457465535355299 0.17258177269585473 0.009756945916316085 0.011264882213985139
0 0.44882442431676955 0.12981640853803694 0.01040178666048881 0.007385914065150568
0 0.548869064335303 0.10520329973769675 0.007249504809323426 0.006495536660488854
0 0.6733060691446264 0.10711548540239371 0.005632441106992658 0.004878472958157997
0 0.7883879213215448 0.15472211698340665 0.007249504809323426 0.006495536660488854
0 0.7960838594333124 0.19591011217408322 0.010456350362819578 0.008948414065150567
0 0.7700149219545169 0.27816954066720406 0.011210318511654193 0.008194445916315995
0 0.8244296034428625 0.26844731108562414 0.009675100362819933 0.008921132213985139
0 0.9400025289407585 0.3301164426666371 0.00962053666048881 0.007358632213985139
0 0.9190997518989166 0.3363218026481036 0.013554068511654194 0.008276291469812236
0 0.8009499526245559 0.3576561440252487 0.008030754809323425 0.006522818511654283
0 0.7551835848385411 0.3686407732440089 0.00883928666048881 0.0073313503628197555
0 0.702075943005909 0.34859365727209257 0.010456350362819578 0.008948414065150522
0 0.9296577951828272 0.3922717022852839 0.013608632213985316 0.009838791469812235
0 0.7717188096107976 0.4165599180718658 0.011991568511654194 0.008221727767481469
0 0.7230184147829407 0.43312242469528767 0.014335318511654194 0.00830357332097762
0 0.7951488751272271 0.4603272762392338 0.012663691106992659 0.005124009618646852
0 0.7531969881039184 0.4461482143510015 0.006440972958158042 0.005687004809323426
0 0.8752555265785059 0.4919468092715256 0.010429068511654548 0.0081671640651507
0 0.9701960043459874 0.5003644552805089 0.011210318511654549 0.008194445916316084
0 0.8261855987183573 0.5875246932996092 0.012018850362819933 0.009002977767481468
0 0.7190278631463275 0.6100395887604384 0.010374504809323426 0.0066046640651507005
0 0.7607441371929446 0.6398709324998361 0.013499504809323427 0.006713791469812236
0 0.6378324268486584 0.6144394012816428 0.009565972958158041 0.005796132213985139
0 0.704886006793058 0.6754562576349123 0.01274553666048881 0.007467759618646852
0 0.6852282712210283 0.6949155857652134 0.017405754809323427 0.00685020072563951
0 0.737299202709374 0.6852752017371297 0.007167659255827097 0.00415178666048881
0 0.7786161726723071 0.7260713273276929 0.00727678666048881 0.00727678666048881
0 0.6412277892771956 0.8012672786863044 0.012772818511654193 0.008249009618646852
0 0.6326513974445636 0.7796650971979588 0.011210318511654193 0.008194445916316084
0 0.6227853241235859 0.765929979411944 0.009593254809323427 0.006577382213985139
0 0.6141444449048257 0.7200817660724328 0.00805803666048881 0.007304068511654193
0 0.7477431733052793 0.8499552606301372 0.015897818511654192 0.008358137023308388
0 0.8514857321982866 0.8416392744251352 0.014362600362819933 0.00908482332097762
0 0.8286583566077235 0.8823287618112635 0.011882441106992658 0.005096727767481468
0 0.5090626192215952 0.8692410070867581 0.012772818511654193 0.008249009618646852
0 0.48280021958441494 0.8787623400263825 0.009838791469812235 0.013608632213985316
0 0.35278533737042983 0.8739161273198437 0.011909722958158042 0.0058779777674814685