0 0.22440868580159976 0.5220932216922136 0.005741534639736123 0.009565972958158041
0 0.19270180312500002 0.515282721875 0.1890621703125 0.5132299109375 0.1854790640625 0.5183094671874999 0.18860735312500002 0.5197860140625 0.19270180312500002 0.515282721875
0 0.2082744859375 0.5068119156249999 0.20995408750000003 0.503582171875 0.20629136875 0.5023228171875 0.2038643359375 0.503992871875 0.2082744859375 0.5068119156249999
0 0.2440971546875 0.5198301390625 0.24825966249999998 0.5220627343750001 0.2507732921875 0.5174166046875001 0.24787532343750002 0.5171217218749999 0.2440971546875 0.5198301390625
0 0.22782023125 0.55250406875 0.23189736249999998 0.54859599375 0.22667625781249998 0.546400365625 0.22447956093750002 0.549251596875 0.22782023125 0.55250406875
0 0.2754445109375 0.534213375 0.2801723765625 0.534048275 0.282371503125 0.5322534984375 0.282144446875 0.530222 0.2756878046875 0.5307694078125 0.2747808796875 0.5324112578125 0.2754445109375 0.534213375
0 0.297487865625 0.5587777 0.29971451718750003 0.5609544859375 0.3041690328125 0.55543134375 0.300630775 0.5540520375 0.297487865625 0.5587777
0 0.323137475 0.5577746828125 0.32636425625 0.5600238562500001 0.3318995890625 0.5567175140625 0.3282493734375 0.5542685015625 0.323137475 0.5577746828125
0 0.3154506921875 0.5858468625000001 0.316266903125 0.5823828890625 0.30909345 0.5829558171875 0.3089840234375 0.586716559375 0.3154506921875 0.5858468625000001
0 0.377908734375 0.569280996875 0.371439590625 0.5702580937499999 0.3714983984375 0.5731544578125 0.376512721875 0.5729793546875 0.37783683125 0.5717521890625 0.377908734375 0.569280996875
0 0.3937248921875 0.576672265625 0.3879837453125 0.5771946890625 0.38831714375000004 0.580511203125 0.390481875 0.5798985578125 0.39336273906249997 0.5792613921875 0.3937248921875 0.576672265625
0 0.43286568281250004 0.5645707515625 0.4378643765625 0.56493275625 0.4397401171875 0.5594996671875 0.436177490625 0.5589801999999999 0.43286568281250004 0.5645707515625
0 0.4163695859375 0.5412077765625 0.409470696875 0.5372620328125 0.4072434375 0.5400236031250001 0.41285574062499997 0.543906965625 0.4158648546875 0.543801884375 0.4163695859375 0.5412077765625
0 0.4416612984375 0.513165184375 0.44505255000000005 0.5146569390625 0.4481804828125 0.5104683609375 0.4444958703125 0.5092014781249999 0.4416612984375 0.513165184375
0 0.4682791734375 0.51824713125 0.4704282609375 0.5181720828125 0.47106683125000004 0.5158957296875 0.46670359531249994 0.513364303125 0.464414403125 0.51333693125 0.46321164374999996 0.5153110484375001 0.4682791734375 0.51824713125
0 0.4745431546875 0.5144860921875 0.468323540625 0.5118048671875 0.46657288281250003 0.512939128125 0.47104495156250004 0.5166476828125 0.47387956718749996 0.5176223109375 0.4745431546875 0.5144860921875
0 0.5318698671875 0.4873642421875 0.53637320625 0.4899980890625 0.537588484375 0.48759379375 0.5398682859374999 0.487943921875 0.5413450015625 0.4863894875 0.5409647015625 0.4846847875 0.5409246484375 0.481143890625 0.5402397718749999 0.48009419375 0.5380844328125 0.4803840828125 0.537433346875 0.483090615625 0.5347356953125 0.48232631562500006 0.5312499953125001 0.48405821875 0.5329037421875 0.486254521875 0.5318698671875 0.4873642421875
0 0.5569115703125 0.4925012296875 0.5539612640625 0.4955026765625 0.556341171875 0.4973521734375 0.559424678125 0.49466801406250005 0.5600639140625 0.4923911484375 0.5569115703125 0.4925012296875
0 0.5691224140625 0.4811255046875 0.5729971546875 0.48077557187500003 0.5729977640625 0.4758372140625 0.5694188578125 0.475854878125 0.5691224140625 0.4811255046875
0 0.5536983656250001 0.455363240625 0.5499168156249999 0.4574279 0.5517106671875001 0.45972662499999994 0.554155590625 0.4593193078125 0.5553765125 0.46163852656250004 0.55888970625 0.4589393640625 0.5536983656250001 0.455363240625
0 0.5592988890624999 0.4793213203125 0.5619714609375001 0.476007634375 0.559159378125 0.47428103125 0.557822765625 0.4759378859375 0.556081484375 0.4767498828125 0.5592988890624999 0.4793213203125
0 0.5636780953125 0.48914945468750004 0.56600344375 0.490728184375 0.5677713125 0.4897177078125 0.57273841875 0.4928641171875 0.575872696875 0.48836801406249997 0.58127296875 0.48746824218749996 0.5805441109375 0.48535963281249994 0.5765745718749999 0.48597237968749996 0.573237846875 0.48656302812499996 0.5714831515625 0.4870984328125 0.5714278984375001 0.4889973578125 0.568931171875 0.48789922656250007 0.567854184375 0.4868695625 0.56534365 0.4862460421875 0.5636780953125 0.48914945468750004
0 0.57452728125 0.523743809375 0.5785209874999999 0.522300496875 0.5778398124999999 0.5185307781249999 0.5748132390625 0.5193476593749999 0.57452728125 0.523743809375
0 0.5866029171875 0.5053023609375 0.583682746875 0.502440065625 0.580947746875 0.504076975 0.5842016015625 0.506334471875 0.5866029171875 0.5053023609375
0 0.590354925 0.5121656890625 0.588359790625 0.5101013015625 0.584981621875 0.512116265625 0.5868151 0.51430483125 0.590354925 0.5121656890625
0 0.6048940515625 0.4905554125 0.6079074656250001 0.49021311718750005 0.6085886265625 0.4885294 0.6078286828125 0.48748915000000004 0.602118259375 0.48816268906250004 0.601725884375 0.4907845796875 0.6048940515625 0.4905554125
0 0.6228044406250001 0.467167475 0.62118441875 0.46852838593749996 0.62067181875 0.464396696875 0.6173419984375 0.46475004062499997 0.6177136562500001 0.46829399218749995 0.616749978125 0.46880177031250003 0.6182532390625 0.4714759953125 0.6246344671874999 0.4694746921875 0.6228044406250001 0.467167475
0 0.6736934546875 0.4675244515625 0.6706420484375 0.46917240937500004 0.6731214984375 0.47086429062499996 0.6760008921875 0.46969646562499995 0.6757362859375 0.4679272421875 0.6736934546875 0.4675244515625
0 0.6861451062499999 0.46874956250000005 0.68662316875 0.46861433750000003 0.6872600859375 0.4684735640625 0.6880441953124999 0.46868324531249994 0.6894576671875 0.46898948125000006 0.6922306421875 0.46604739687499996 0.6911681171875 0.4645430984375 0.6894237796875 0.4647225453125 0.6866272578125 0.463042225 0.68388601875 0.46491592812500004 0.6831696828125 0.46778619375 0.6861451062499999 0.46874956250000005
0 0.7152054578125 0.43157573125 0.7118279265624999 0.4281372359375 0.709733309375 0.42951423125000004 0.71184801875 0.43287829375 0.7148372515625 0.433367053125 0.7152054578125 0.43157573125
0 0.710394378125 0.4230894546875 0.7085332796875 0.4218501078125 0.706607209375 0.422866109375 0.708563715625 0.4262356953125 0.7110956171875 0.4261472796875 0.710394378125 0.4230894546875
0 0.28481614375 0.24952641406249998 0.291401446875 0.251419290625 0.294345890625 0.25123452031250004 0.2935288453125 0.24938507968749998 0.28651208906250003 0.24734434843750003 0.284754334375 0.2478954671875 0.28481614375 0.24952641406249998
0 0.2934296265625 0.24906221718750002 0.29635570625 0.24577577499999997 0.2935865765625 0.2436681734375 0.2889027421875 0.247505734375 0.2934296265625 0.24906221718750002
0 0.332832696875 0.267934678125 0.3270732828125 0.27132006249999996 0.32886670156250003 0.273298328125 0.3363696046875 0.269852059375 0.33674636874999997 0.26812433750000003 0.332832696875 0.267934678125
0 0.308953521875 0.2917110421875 0.3115616234375 0.291864834375 0.3133526796875 0.290169184375 0.3112562203125 0.2873849484375 0.308854325 0.2876322328125 0.30816976406249996 0.28871755781249997 0.308953521875 0.2917110421875
0 0.279316625 0.28139717656249996 0.2811688390625 0.281332496875 0.28206199375 0.2805662140625 0.281787484375 0.2787797765625 0.27950383125 0.27869611562499996 0.278399709375 0.2792248953125 0.279316625 0.28139717656249996
0 0.2566737484375 0.322521371875 0.25306378125 0.323137171875 0.25087458906250004 0.323539946875 0.24896767656250002 0.3254845109375 0.24960705625 0.32595191875 0.2562399140625 0.32621051875 0.25757164062500004 0.3253474609375 0.258291878125 0.3230360609375 0.2566737484375 0.322521371875
0 0.2966156296875 0.35656074375 0.29486264375000004 0.35319283125 0.29180710312499997 0.353462940625 0.291148696875 0.353649340625 0.289490146875 0.3545238109375 0.290718971875 0.3571749375 0.2966156296875 0.35656074375
0 0.3105785234375 0.43084085156249996 0.30823178906250004 0.4291253140625 0.305823978125 0.4295088953125 0.306158928125 0.4317439375 0.3097085921875 0.4332677171875 0.3105785234375 0.43084085156249996
0 0.169630784375 0.69712006875 0.1637119125 0.694630771875 0.16184764375 0.6969426125 0.16636241406250002 0.6996306921875 0.1691824140625 0.698782978125 0.169630784375 0.69712006875
0 0.0460312953125 0.724052415625 0.0408951078125 0.7221347859375 0.03883904375 0.7241538234375 0.044284025 0.7292054203125 0.048147628125 0.7268242500000001 0.0460312953125 0.724052415625
0 0.188075721875 0.770697828125 0.19167119375 0.7710049359375 0.192442940625 0.7692478125 0.1905008453125 0.7666123265625 0.18965385625 0.76599315 0.18674259843750002 0.76695965625 0.188075721875 0.770697828125
0 0.1950732921875 0.8126259046875 0.1979162671875 0.809066278125 0.195071146875 0.8077598359374999 0.1928591921875 0.8094589640625 0.19309405625 0.811289225 0.1950732921875 0.8126259046875
0 0.1402231546875 0.903967934375 0.13346200156250002 0.9034469953125001 0.1283790703125 0.904705915625 0.1302112875 0.9061555296874999 0.14001878125 0.906029621875 0.1402231546875 0.903967934375
0 0.132690609375 0.900229675 0.12746944375 0.9012773328125 0.1273192671875 0.901498665625 0.1260887234375 0.9041371421875001 0.128947096875 0.90501045625 0.133603378125 0.9035503468750001 0.1343625390625 0.902225840625 0.132690609375 0.900229675
0 0.16790194218750001 0.9040827874999999 0.171240515625 0.9033169609374999 0.1728598890625 0.9021794796875 0.17216938125 0.9011221734375001 0.164962684375 0.901049459375 0.1641689 0.9035639078125 0.16790194218750001 0.9040827874999999
0 0.1710644859375 0.9044045281249999 0.16846682968749999 0.904495240625 0.1679362515625 0.9078658265625 0.17167939375000002 0.908059978125 0.1726114296875 0.905756303125 0.1710644859375 0.9044045281249999
0 0.176420721875 0.9036770187500001 0.17222888125 0.9040394890625001 0.1722915203125 0.9068488953125 0.17589959375 0.9067228984375 0.178679571875 0.9053283109375 0.1788927421875 0.902941940625 0.176882009375 0.902687778125 0.176420721875 0.9036770187500001
0 0.20065702343749997 0.9081289890625 0.19986987812499998 0.9054531734375001 0.1981286578125 0.9058383546875 0.1941065390625 0.9053300562500001 0.1936672875 0.905561971875 0.19358855 0.9082680265624999 0.196600253125 0.9088116093749999 0.199041440625 0.9091585390624999 0.20065702343749997 0.9081289890625
0 0.22938852656250003 0.896852909375 0.22937592499999998 0.8972860140625001 0.22932868437499998 0.8989095484374999 0.24274740625 0.8985492468749999 0.24265076562500001 0.8969307359375 0.22938852656250003 0.896852909375
0 0.2505756640625 0.89708665625 0.2535565203125 0.8987127375 0.255803125 0.895822690625 0.2561576875 0.8935391812500001 0.2547237765625 0.8932648765625 0.2525370125 0.8940982828124999 0.252182465625 0.8963813046875 0.2505756640625 0.89708665625
0 0.2555046140625 0.896157490625 0.2536909515625 0.8990324187500001 0.256953925 0.9008647375000001 0.259727609375 0.8996864578125001 0.25920368437499997 0.8978662906249999 0.2555046140625 0.896157490625
0 0.2579457890625 0.896504909375 0.260499359375 0.8979293343749999 0.2604584125 0.8993365609374999 0.26230637031250004 0.9002451593749999 0.265189934375 0.9002527515625 0.2666836890625 0.8984704140625001 0.2645655640625 0.896922496875 0.2634459203125 0.8957718874999999 0.260606440625 0.8942491578125 0.256744609375 0.8931943078125 0.256094690625 0.8957042203125001 0.2579457890625 0.896504909375
0 0.262514240625 0.8931011156249999 0.2600516671875 0.8935114890625 0.2645655640625 0.896922496875 0.266413521875 0.897831096875 0.2663725765625 0.8992383234375 0.2684091671875 0.8986262484375 0.26832132343750004 0.8966830546875 0.262514240625 0.8931011156249999
0 0.2741032140625 0.9011307140625 0.275584365625 0.8997814828124999 0.27180756562499997 0.8958042687500001 0.2690401734375 0.8967662390625 0.26845640625 0.8970027125 0.26884840312499997 0.8983948203125 0.26982102812500003 0.8996583640625 0.271326375 0.902417390625 0.2741032140625 0.9011307140625
0 0.3082718375 0.8912871375 0.311562503125 0.8921453578125 0.315755353125 0.8868084171874999 0.3120342453125 0.8858569421875 0.3082718375 0.8912871375
0 0.31372786874999997 0.892069740625 0.3183243078125 0.892666271875 0.3191212609375 0.8900429375 0.3149672125 0.8891065796875001 0.31372786874999997 0.892069740625
0 0.32285181406249996 0.8906697046875 0.31924374218749996 0.8907957015625 0.318314859375 0.8929909781250001 0.31946915625 0.8929506703125 0.32029095625 0.8944355703125 0.32305204062500004 0.8936903968750001 0.3231150359375 0.8915253578125 0.32285181406249996 0.8906697046875
0 0.30253235156249997 0.9002462343750001 0.3033450453125 0.8970818843749999 0.29583418125 0.8975607453125001 0.295764890625 0.89994209375 0.30253235156249997 0.9002462343750001
0 0.33805865156250003 0.8932746406250001 0.33214448750000003 0.89337288125 0.332081490625 0.8955379203125 0.33641156875 0.8953867109375 0.33783603281249996 0.8959857203125001 0.33805865156250003 0.8932746406250001
0 0.338733759375 0.88989900625 0.334266109375 0.8898384437500001 0.3334748125 0.8922450046874999 0.3376477578125 0.892531946875 0.338733759375 0.88989900625
0 0.36305924218749996 0.8863462375 0.3634200984375 0.8838464203124999 0.36038950000000003 0.8839522499999999 0.359247153125 0.8835594765625 0.3590087796875 0.886812059375 0.36305924218749996 0.8863462375
0 0.370783571875 0.8884554250000001 0.367401271875 0.8857619453125001 0.36631941874999996 0.88331250625 0.36472207968750003 0.883692665625 0.3630497953125 0.8866709437500001 0.3634260484375 0.8886040671875 0.36953414375000004 0.891742828125 0.3723424671875 0.8893741187499999 0.370783571875 0.8884554250000001
0 0.46630585625 0.875927890625 0.467115396875 0.8728719406250001 0.459644825 0.8719435984375 0.4595660875 0.8746496531249999 0.46630585625 0.875927890625
0 0.47061357499999995 0.8715605609375 0.47447607343750003 0.8726149 0.4779217125 0.868169384375 0.474046628125 0.8675476625 0.47061357499999995 0.8715605609375
0 0.47601886875000005 0.879049053125 0.477867171875 0.8749836953125 0.47472667812499997 0.8739041437499999 0.47241709062500004 0.8789587421875 0.47601886875000005 0.879049053125
0 0.47688789531250003 0.87891090625 0.4801697640625 0.8800938078125 0.4806219609375 0.8744548312499999 0.478156234375 0.8749736015625 0.47688789531250003 0.87891090625
0 0.4807286859375 0.8757491 0.4812872640625 0.8763783484375001 0.480621603125 0.8794292765625 0.48685567656249995 0.8782384453125 0.48765642031249995 0.8755071781250001 0.4807286859375 0.8757491
0 0.43328869687499993 0.8593859828125 0.4285943296875 0.8570363578125001 0.42659832656249996 0.8589581796875001 0.4270967921875 0.8599992656250001 0.4312541484375 0.8626325125 0.43328869687499993 0.8593859828125
0 0.4673777765625 0.8154621750000001 0.46815351875 0.8130537203125 0.4648064140625 0.8129057359375 0.4593894328125 0.8171961984375 0.4635731015625 0.8189027093749999 0.4673777765625 0.8154621750000001
0 0.43642865000000003 0.7939194703125 0.43865872499999997 0.7960902828124999 0.4433654640625 0.7919573 0.44076647031249994 0.7903281296875 0.43642865000000003 0.7939194703125
0 0.43661279531249997 0.7936481718749999 0.441304134375 0.7900444859375 0.4401069875 0.78876341875 0.43747716406250003 0.7881938171875 0.433499921875 0.7915076984375 0.43661279531249997 0.7936481718749999
0 0.5349027546875 0.8349339984374999 0.532845275 0.8328888609374999 0.5298009265625 0.8344507218749999 0.5300927953125 0.8365570296874999 0.5329106 0.8367234968749999 0.5349027546875 0.8349339984374999
0 0.658859025 0.796209184375 0.6627616625 0.798901565625 0.6663466375 0.7909191328125 0.66280376875 0.7902570328125 0.658859025 0.796209184375
0 0.753472378125 0.7922769453125 0.7544573984375 0.7872134843749999 0.7501217515625 0.785007909375 0.7479728390625 0.7940401484375 0.7520994859375 0.796253509375 0.753472378125 0.7922769453125
0 0.7426384484375 0.8333565515625001 0.7457247812500001 0.83529161875 0.75053160625 0.8285235390624999 0.7469750000000001 0.82833360625 0.7426384484375 0.8333565515625001
0 0.669359253125 0.5937492328125 0.67135620625 0.5971369203125 0.6781547734375 0.5939132875 0.6759396718749999 0.5908478406250001 0.669359253125 0.5937492328125
0 0.8019405578125 0.5824386875 0.7984150578125 0.58417490625 0.7998300328125 0.5867317296875 0.805339553125 0.585050125 0.8052422171875 0.5826955703125 0.8019405578125 0.5824386875
0 0.6442520140625 0.7533644421875 0.6414097515625 0.751155009375 0.642477534375 0.7497070484374999 0.64014080625 0.7477370249999999 0.6346779359375 0.7533139140625 0.63952195 0.7572484937499999 0.6442520140625 0.7533644421875
0 0.676903584375 0.7477356265624999 0.6721560921874999 0.74636245 0.6683195000000001 0.7489329140625001 0.6756197546875 0.75073009375 0.6777036843750001 0.7496310234375 0.676903584375 0.7477356265624999
0 0.8650125140625 0.635367103125 0.8680633515625 0.636286865625 0.8717586109375001 0.6326950375 0.8695744390625 0.6313606359375 0.8650125140625 0.635367103125
0 0.6996442078125 0.18334190625 0.699875784375 0.1858439609375 0.7076360609375001 0.18580125 0.7106616875 0.1863804421875 0.7110993156250001 0.1818009546875 0.7088314312499999 0.1813094421875 0.7066527406249999 0.1829830203125 0.6996442078125 0.18334190625
0 0.5542095812500001 0.2592899171875 0.5604423796875 0.2551924203125 0.5579096906250001 0.25334094375 0.5526542578125 0.256169725 0.5542095812500001 0.2592899171875
0 0.466120525 0.264305978125 0.46855623125 0.2613990828125 0.46439182187499994 0.2590753390625 0.4631530921875 0.261235096875 0.466120525 0.264305978125
0 0.676134828125 0.093489471875 0.6797167859375 0.09160104375 0.6734691953125 0.08811546249999999 0.67128393125 0.0904843640625 0.676134828125 0.093489471875
0 0.152536884375 0.2051262296875 0.154844621875 0.2023033140625 0.149043425 0.1995250421875 0.1472476359375 0.20113744531250002 0.152536884375 0.2051262296875
0 0.1534470671875 0.20115948281249998 0.1545679484375 0.2008818140625 0.15447160625 0.1987389234375 0.152918 0.1974820109375 0.151005028125 0.1976678328125 0.1491988109375 0.199638634375 0.1534470671875 0.20115948281249998
0 0.5224604328125 0.096818909375 0.5183751640625001 0.0951728625 0.5161125609375 0.096444509375 0.520163109375 0.0992839140625 0.5225574265625 0.0989617765625 0.5224604328125 0.096818909375
0 0.379902096875 0.166184790625 0.38492597968750003 0.1629094796875 0.382431203125 0.16120789062500002 0.37804750625 0.16434182656250002 0.379902096875 0.166184790625
0 0.38868942500000003 0.164685784375 0.38509178125 0.16266516250000002 0.38118529687499997 0.165782434375 0.3838319796875 0.1677172453125 0.38868942500000003 0.164685784375
0 0.2915612359375 0.6203480296875 0.296034009375 0.615203259375 0.2917428640625 0.6141058421875 0.29106957499999997 0.6143790984375 0.29107684843750004 0.6141290984375 0.2869658109375 0.6182637171875001 0.2915612359375 0.6203480296875
0 0.3605282109375 0.6159441203125 0.364335621875 0.6108225843749999 0.35801075312499997 0.611043453125 0.35625158749999997 0.6143476796875 0.3605282109375 0.6159441203125
0 0.2804360390625 0.6369485546875 0.28590023593749997 0.6320189093749999 0.28263684375000003 0.6298880812500001 0.2782149328125 0.63328480625 0.2804360390625 0.6369485546875
0 0.484513328125 0.652269890625 0.48198795624999996 0.6476187578125 0.47860105781250006 0.6497325609375 0.4797798765625 0.6549292296875 0.48377466875 0.6547897296875 0.484513328125 0.652269890625
0 0.379288621875 0.33693831875 0.38140224843750004 0.332873940625 0.3774728421875 0.330766371875 0.374360515625 0.334865625 0.379288621875 0.33693831875
0 0.4465474109375 0.3842895296875 0.44113393125 0.3848385578125 0.44106056406249994 0.3873600421875 0.446458315625 0.3873515421875 0.447729590625 0.384877978125 0.4465474109375 0.3842895296875
0 0.445339128125 0.3804631 0.44266902343750003 0.3815460578125 0.442937340625 0.3846853390625 0.4461821421875 0.384482278125 0.44664174843750004 0.38104734218749997 0.445339128125 0.3804631
0 0.45182275625 0.3843750546875 0.45105038750000004 0.382063096875 0.4470960046875 0.381931440625 0.4460669421875 0.3843063078125 0.44712671562499995 0.3849887828125 0.45182275625 0.3843750546875
0 0.5789687671875 0.616190809375 0.579355975 0.612427684375 0.5732758390625 0.611390303125 0.5704042265625 0.6146153328125 0.5789687671875 0.616190809375
0 0.637649140625 0.5945600015625 0.6408048140625 0.5911167671875 0.6389498640625 0.5880567921875001 0.6350390859374999 0.5888182109375 0.637649140625 0.5945600015625
0 0.06686295876285335 0.5720808419252992 0.011991534639736078 0.009784227767481469
0 0.0011427323999751503 0.4762078359348495 0.0022854647999503005 0.009784227767481469
0 0.12981525132014823 0.47388638938556127 0.015806856426490733 0.006795637023308565
0 0.054106894497946104 0.6349627878416152 0.008866534639736079 0.009675100362819756
0 0.07614101887112548 0.6287301460089832 0.01348583847980207 0.007495041469812236
0 0.19382862404397497 0.6074503683341691 0.010360838479802048 0.0073859140651507
0 0.2211747225529069 0.6868824079898828 0.01111935642649069 0.006631945916316084
0 0.09535270546414806 0.8536110949205241 0.005696070533113407 0.008003472958158042
0 0.305167974664478 0.857991026957024 0.011187552586424765 0.008975695916316084
0 0.5711316069552161 0.7566095431142748 0.015071070533113406 0.008330855172143182
0 0.5878644658889893 0.7716343423886354 0.012727320533113406 0.008249009618646852
0 0.5323131478631584 0.8032315719702154 0.010315374373179509 0.005823414065150701
0 0.5888586645562058 0.7911110286863046 0.008821070533113406 0.008112600362819754
0 0.6927899951184491 0.8670881969278064 0.04420464106622681 0.01715278366526398
0 0.7898923156515625 0.8558927473832932 0.022951766693047305 0.010947423683797553
0 0.7753046299164698 0.7939656662577672 0.013531302586424588 0.009057541469812237
0 0.7787789709035542 0.8086730070019399 0.015897784639736123 0.009920637023308388
0 0.8225911553850057 0.8586531596343452 0.015161998746359017 0.011455855172143004
0 0.8361201094624985 0.7692087137180292 0.01123301669304766 0.010538195916316084
0 0.8629470339148202 0.7323709126295702 0.008062552586424942 0.008866568511654193
0 0.7656772288211131 0.7224998940252487 0.0072585705331134065 0.00805803666048881
0 0.7577510685545563 0.7266789625369029 0.011051160266556791 0.0042881959163160845
0 0.7774330827403213 0.6939929481089326 0.01109662437317951 0.005850695916316084
0 0.8180664429277357 0.719109509997165 0.009556856426490868 0.006577382213985139
0 0.8578025443396615 0.667772699290059 0.01679269490629274 0.013854168874473948
0 0.8589391470052284 0.628710199290059 0.010406302586424943 0.0089484140651507
0 0.688717575218474 0.6315326428441222 0.012795516693047482 0.010592759618646853
0 0.7199926557807173 0.7100470232440089 0.00953412437317951 0.005796132213985139
0 0.805398958367142 0.6984795514669773 0.010383570533113584 0.008167164065150523
0 0.7972454775674718 0.7104711199786315 0.008775606426490867 0.006550100362819755
0 0.6224824729486184 0.5206794775978454 0.01520746285298138 0.013018355172143004
0 0.5941074203621936 0.5302553742398007 0.013463106426490689 0.006713791469812236
0 0.6260477421489482 0.5322618183420182 0.015071070533113406 0.008330855172143182
0 0.6279645609662019 0.19815963685367252 0.011119356426490867 0.0066319459163159955
0 0.646001507126136 0.1951884042768677 0.011946070533113407 0.008221727767481424
0 0.534419149446004 0.19440220899352387 0.010406302586424766 0.008948414065150522
0 0.5916095238191834 0.18694188385844765 0.008843802586424587 0.008893850362819667
0 0.5784192020324288 0.18428067532825992 0.008017088479802047 0.007304068511654283
0 0.6838281160599091 0.20947659356976173 0.01578412437317933 0.006014387023308565
0 0.595726373977468 0.12592253830495137 0.019159176959604098 0.014717264427970278
0 0.17437421120362878 0.12268598793428245 0.015116534639736123 0.009893355172143093
0 0.3382237625364123 0.097452831040708 0.019985891066226814 0.016307046279135685
0 0.2404274570469937 0.23978915318055938 0.015116534639736123 0.009893355172143181
0 0.2122426210744741 0.26965026797134933 0.012036998746358751 0.011346727767481468
0 0.18408286566419776 0.37911703720864304 0.01670176669304744 0.010729168874473949
0 0.5301920213784079 0.6347271086307041 0.011968802586424765 0.009002977767481468
0 0.46201868289860587 0.6441318796820964 0.015897784639736123 0.009920637023308565
0 0.5435892801538966 0.7107439716073957 0.01125574874635884 0.011319445916316085
0 0.5780324763138307 0.7071998201561168 0.011900606426490868 0.006659227767481468
0 0.5936120122072079 0.7082166831328083 0.01190060642649069 0.006659227767481468
0 0.5437567647144904 0.7318104397562302 0.007190374373179509 0.00571428666048881
0 0.6733366161264162 0.6773362161651001 0.007971624373179508 0.005741568511654194
0 0.5786535680923379 0.41762888866777104 0.012750052586424764 0.009030259618646851
0 0.5646198118241317 0.3634870256910796 0.010451766693047305 0.010510914065150524
0 0.5527646695042637 0.3685837534585611 0.009625052586424765 0.008921132213985139
0 0.4760657771843957 0.37594487487277295 0.016610838479802048 0.007604168874473949
0 0.46159175171585964 0.310111543747247 0.00799435642649069 0.0065228185116541935
0 0.4588615568095669 0.3234746393007432 0.009556856426490868 0.006577382213985139
0 0.478512478754606 0.26503465672393844 0.008062552586424587 0.008866568511654283
0 0.7598737905122308 0.17092003585788065 0.008821070533113406 0.008112600362819711
0 0.7651295918450144 0.15122509475088808 0.011968802586424765 0.009002977767481424
0 0.7792375559516371 0.14917152142991036 0.008017088479802226 0.007304068511654283
0 0.7824247404330885 0.20057033032291782 0.010429034639735945 0.009729664065150523
0 0.7769188865138803 0.22885902142991038 0.015184730799670022 0.012237105172143182
0 0.6044876085380617 0.14668890609096624 0.012727320533113406 0.008249009618646852
0 0.6854253714701855 0.10093740727209258 0.01033810642649069 0.006604664065150567
0 0.39767766739269267 0.19995778294747377 0.011946070533113407 0.008221727767481379
0 0.38873457640560816 0.1854414151614589 0.012750052586424764 0.009030259618646851
0 0.361049845605938 0.1981150299522489 0.011968802586424765 0.009002977767481424
0 0.36032241989997515 0.2231150299522489 0.011164820533113406 0.008194445916315907
0 0.4275984996042886 0.13725688630551836 0.011142088479802048 0.007413195916315995
0 0.43212556057049056 0.3571874403892024 0.008821070533113406 0.008112600362819754
0 0.37300061315691535 0.3506671110777749 0.013531302586424765 0.009057541469812237
0 0.41001722835889465 0.4196155185195035 0.010383570533113406 0.0081671640651507
0 0.4173523552393565 0.4357489500078492 0.007971624373179331 0.005741568511654194
0 0.3545962909744492 0.5003769343987526 0.011946070533113407 0.008221727767481469
0 0.2826985589211379 0.503668114705972 0.010406302586424766 0.008948414065150522
0 0.424954255081072 0.49635906779386413 0.009625052586424765 0.008921132213985139
0 0.5296584754559008 0.5457737360353658 0.012818248746358663 0.011374009618646852
0 0.4419024111909936 0.6112747396635629 0.011900606426490868 0.006659227767481468