0 0.3772826635515411 0.5378754540499522 0.011882391233702095 0.009511360001590852
0 0.3760514001588605 0.5120851133831795 0.013472164772652385 0.011092041335136216
0 0.34946162661991015 0.510213530712907 0.011855117694751716 0.007948860001590851
0 0.525229239850435 0.5114776807367696 0.010265344155801336 0.006368178668045487
0 0.5535566116023765 0.7023935820734966 0.014239778003177151 0.010319882001908986
0 0.7782821018631438 0.5550389661043589 0.01343125446422686 0.008748291335136216
0 0.724588311685102 0.4770861414305864 0.014253414772652384 0.011101132001908987
0 0.4260241266199102 0.5111044160566338 0.01108750446422686 0.008721019334818081
0 0.6740661603051302 0.4913389980903595 0.011855117694751626 0.007948860001590674
0 0.45921490746575644 0.2646657680617244 0.015815914772652383 0.011119313335454439
0 0.2164854853862081 0.49929311736154414 0.012663641233702005 0.009520450668363623
0 0.4021990685849609 0.3991311273869975 0.01186875446422686 0.008730110001590852
0 0.5444138421239112 0.402348128739633 0.012663641233702094 0.009520450668363623
0 0.4496019484545771 0.47466747672658816 0.011882391233702095 0.009511360001590852
0 0.2913882536501527 0.36034934337204366 0.01423977800317724 0.010319882001908986
0 0.9901996749156268 0.47939571813331205 0.014226141233702094 0.009538632001908987
0 0.3859837333576132 0.4098777233847704 0.013444891233702006 0.009529541335136216
0 0.6566116534052714 0.565339572087814 0.01027898092527657 0.007149428668045488
0 0.3467888198027768 0.3570885307129069 0.01186875446422686 0.008730110001590852
0 0.5063938705341254 0.2378765487348605 0.014267051542127618 0.011882382001908987
0 0.6009053498345489 0.4615873160804963 0.011073867694751627 0.00793976933481808
0 0.7730825385531888 0.3019048754375861 0.011060230925276571 0.007158519334818081
0 0.6477939866040241 0.4629140060868597 0.012650004464226861 0.008739200668363622
0 0.5499525503210163 0.540665741406724 0.011882391233702095 0.009511360001590852
0 0.5344635125753111 0.8615140434038604 0.011060230925276571 0.007158519334818081
0 0.36268042126217886 0.5962873907144978 0.01658352800317724 0.010347154002227122
0 0.0377486051095547 0.5964119233370453 0.015021028003177218 0.010328972668681758
0 0.44295825648952647 0.5862862293920882 0.01186875446422686 0.008730110001590852
0 0.9623610470746055 0.495474704129494 0.011868754464227037 0.008730110001590852
0 0.8166922167185217 0.33912361211008585 0.015007391233702094 0.009547722668681757
0 0.5422469646866316 0.7256947220719058 0.013417617694751627 0.007967041335136215
0 0.7751650101429745 0.46595828477081336 0.012663641233702094 0.009520450668363623
0 0.5800570616851021 0.4754043680776328 0.011073867694751627 0.00793976933481808
0 0.7207595227215808 0.8394679627625411 0.012636367694751627 0.007957950668363623
0 0.6590469066516823 0.6153577534213597 0.011855117694751626 0.007948860001590674
0 0.11693154463897341 0.5684329213478629 0.011841480925276527 0.007167610001590852
0 0.4886855880634261 0.7000765567313607 0.011855117694751626 0.007948860001590674
0 0.16395872889338636 0.3987022240213173 0.014253414772652384 0.011101132001908987
0 0.7686383206135557 0.4947827187698589 0.014226141233702094 0.009538632001909164
0 0.7198577215864905 0.6535577347628593 0.011855117694751626 0.007948860001590674
0 0.9296985515388322 0.5036866461250397 0.011060230925276216 0.007158519334818081
0 0.4313661915547183 0.5486589600572701 0.012650004464227038 0.008739200668363622
0 0.4267411469124497 0.4626850973901792 0.009511367694751627 0.00792158800127254
0 0.3287048417168741 0.5740214920432708 0.012663641233702094 0.009520450668363623
0 0.4655911870904914 0.5404651993952699 0.010292617694751626 0.007930678668045487
0 0.6956411513766765 0.4744060367599957 0.015815914772652383 0.01111931333545435
0 0.33639815949105606 0.8357766047103616 0.012663641233702094 0.009520450668363623
0 0.9038821197200513 0.5908684727879944 0.01104659415580116 0.006377269334818081
0 0.5385047613607904 0.4218066534054513 0.013444891233702095 0.009529541335136216
0 0.6197195795420095 0.5102339014162689 0.013444891233702095 0.009529541335136216
0 0.7414586172877147 0.1906219301002227 0.014253414772652384 0.011101132001908987
0 0.39763034537032205 0.4506299927195885 0.012663641233702094 0.009520450668363623
0 0.9865309784863492 0.582457083465903 0.013485801542127262 0.011873291335136215
0 0.31920929058178366 0.388011266709089 0.014280688311602674 0.012663632001908986
0 0.7125264626580367 0.6362884187619047 0.01580227800317715 0.01033806333545435
0 0.89048209293469 0.5391605221196308 0.012650004464227038 0.008739200668363622
0 0.08249449472169894 0.3407346353437268 0.01896818831160272 0.012718176002545345
0 0.5245685409855254 0.6973697274029058 0.01343125446422686 0.008748291335136216
0 0.3131752991032003 0.5793084287078163 0.01580227800317724 0.01033806333545435
0 0.3677928409060952 0.44169079738222505 0.014253414772652384 0.011101132001908987
0 0.8052466075484819 0.04139463677590407 0.014253414772652207 0.011101132001909009
0 0.7132557508107789 0.1410850067631774 0.012663641233702094 0.009520450668363534
0 0.1871151797835955 0.7856118780235444 0.01423977800317724 0.010319882001908986
0 0.764874166797952 0.5923753341024498 0.01186875446422686 0.008730110001590852
0 0.3127934695578955 0.5574334287078162 0.011101141233702094 0.00950226933481808
0 0.7563446465054124 0.6407037461011772 0.01186875446422686 0.008730110001590852
0 0.5784321063273706 0.561305505410542 0.010265344155801515 0.006368178668045487
0 0.4914449805182395 0.1869316667329515 0.014253414772652207 0.011101132001908987
0 0.5468724147693571 0.4984509694064057 0.014226141233702094 0.009538632001908987
0 0.37848883319545745 0.38323340738381584 0.012663641233702094 0.009520450668363534
0 0.5108240462638265 0.35743507073517866 0.013444891233702095 0.009529541335136216
0 0.19809754423193632 0.7435607380251351 0.013444891233702006 0.009529541335136216
0 0.4410451546230874 0.5214333887253154 0.011101141233702094 0.00950226933481808
0 0.7968645064895264 0.5904043014401315 0.015829551542127618 0.011900563335454528
0 0.8164173015388322 0.5023684994429949 0.014212504464227038 0.008757382001908986
0 0.054544592934690085 0.5294335086728179 0.014239778003177217 0.010319882001908986
0 0.8760359890396561 0.38277416211804 0.013431254464227039 0.008748291335136216
0 0.9418870856310895 0.30699345946049417 0.015815914772652206 0.011119313335454439
0 0.5517820572208751 0.46648335407381475 0.012663641233702094 0.009520450668363623
0 0.741810993503883 0.38980431743313176 0.014226141233702094 0.009538632001908987
0 0.42852360957378155 0.6095510067234065 0.011073867694751627 0.00793976933481808
0 0.9180303944768177 0.5511974454566761 0.011882391233702095 0.009511360001590852
0 0.7448383563273706 0.5632418174331317 0.01343125446422686 0.008748291335136216
0 0.786786528406919 0.3262781667727224 0.013444891233702095 0.009529541335136216
0 0.7069134366834543 0.7174566027609502 0.011073867694751627 0.00793976933481808
0 0.5959587512145207 0.44668902207986 0.012663641233702094 0.009520450668363623
0 0.6424515162287591 0.7385770774188142 0.019763075081077906 0.013508516669318026
0 0.7255327974783472 0.7996878474299501 0.01502102800317715 0.010328972668681758
0 0.6784048327884203 0.5609066107574504 0.013444891233702095 0.009529541335136216
0 0.4525474906612139 0.6434174767265881 0.01267727800317715 0.010301700668363622
0 0.6303900726421506 0.5845617394175416 0.01027898092527657 0.007149428668045488
0 0.42506600405718975 0.18772146005727008 0.014253414772652384 0.011101132001908987
0 0.5000788299457513 0.8158106447326332 0.010306254464226861 0.008711928668045488
0 0.946673591716874 0.5812122094604941 0.015034664772652206 0.011110222668681757
0 0.3955606996690979 0.9137930640515431 0.01108750446422686 0.008721019334818437
0 0.3690650146072013 0.46982488804899775 0.00949773092527657 0.007140338001272717
0 0.307482632301953 0.47691922537395276 0.012663641233702094 0.009520450668363623
0 0.21693549877888874 0.5250743673615441 0.01186875446422686 0.008730110001590852
0 0.4025690357105197 0.5545726053866794 0.011909664772652383 0.011073860001590852
0 0.46965139569463366 0.5045822433959062 0.011855117694751626 0.007948860001590851
0 0.6242667577073424 0.5469981047501324 0.010292617694751626 0.007930678668045487
0 0.5962917621715693 0.5552645907463145 0.009484094155801337 0.006359088001272539
0 0.607365629866321 0.5632043600811326 0.013335797077900757 0.0032795413351362156
0 0.6681298060030592 0.5092350227561777 0.010347164772652384 0.011055678668045488
0 0.7130701590873143 0.5331906907622229 0.00798977800317715 0.010247156667727176
0 0.7198695840062364 0.5199912567631774 0.011073867694751627 0.00793976933481808
0 0.6814928766199102 0.5140770640913139 0.012622730925276571 0.0071767006683636225
0 0.48158833400623635 0.517218603397497 0.01343125446422686 0.008748291335136216
0 0.4767877857105196 0.555436218730088 0.012636367694751627 0.007957950668363623
0 0.7207968843305479 0.5731162567631773 0.005550570616851047 0.00475113466740904
0 0.6904196375769588 0.6227526300922686 0.010224433847375813 0.004024428668045488
0 0.437471915580136 0.6299635040579064 0.008743754464226861 0.008693747334499947
0 0.5201344111159092 0.6223333647358149 0.011882391233702095 0.009511360001590674
0 0.4553276172844193 0.6684447487269063 0.012663641233702094 0.009520450668363623
0 0.49537591882654686 0.6806271227323152 0.008784664772652384 0.011037497334499945
0 0.13376448863261897 0.5483204160168629 0.014226141233702005 0.009538632001908987
0 0.15066957061355574 0.4875920013526355 0.009484094155801337 0.006359088001272717
0 0.5600854809219813 0.494699260741542 0.012636367694751627 0.007957950668363623