0 0.5256772003471213 0.875294732733906 0.00649553666048881 0.007103975334181811
0 0.48684782412358596 0.7920640620623608 0.007304068511654193 0.007894316000954405
0 0.5884524749418926 0.7050009614099055 0.0042063503628195775 0.008639203333863676
0 0.5056597560752678 0.2573441640674514 0.01142857332097762 0.014189769334818081
0 0.5492113486335392 0.29689756007317847 0.005768850362819577 0.00865738466740904
0 0.5548065842055688 0.2782202854073602 0.006550100362819578 0.00866647533418181
0 0.5259003342055688 0.2778839307367695 0.005741568511654194 0.007876134667409041
0 0.49764884863353914 0.2962975760661788 0.005850695916316084 0.01100113466740904
0 0.5319792086150057 0.3177822247374058 0.005014882213985139 0.00942954400063627
0 0.574456885294028 0.30421971140990556 0.007358632213985139 0.009456816000954493
0 0.5627926989963589 0.30564585140831474 0.005014882213985139 0.009429544000636359
0 0.5310863420101173 0.24748790607095125 0.004960318511654194 0.007867044000636269
0 0.5604315908289909 0.3274844887412239 0.004987600362819755 0.00864829400063627
0 0.5624851641499686 0.34156517007476933 0.004233632213985139 0.009420453333863677
0 0.5543552056197809 0.35474642274026935 0.0066046640651507005 0.010228975334181812
0 0.5297817915546303 0.34430836207031495 0.005796132213985139 0.00943863466740904
0 0.6140650223173366 0.32029924474854166 0.00649553666048881 0.007103975334181811
0 0.6038170030800429 0.29519015674726906 0.004987600362819755 0.00864829400063627
0 0.5512649219545169 0.3109782414067239 0.006659227767481468 0.011791475334181812
0 0.6384102578893663 0.3018401460852688 0.006550100362819755 0.00866647533418181