0 0.38390528386485834 0.4633266791053864 0.016465337334017515 0.011016065128862352
0 0.43737117233034395 0.4019487658309749 0.012549996974937905 0.00924884724103805
0 0.48345128679172455 0.40187684475464713 0.010992042154477844 0.009948210085908293
0 0.47074220853289334 0.4384694419956852 0.012540906615858206 0.007686347241038049
0 0.5143785790443982 0.45570785165205213 0.007885222872636887 0.012909435775648782
0 0.42989449473544267 0.4788797580290588 0.010996587334017604 0.010729460085908115
0 0.3733677596643615 0.3951498891912947 0.011782382513557366 0.011551653663473082
0 0.43044900663929936 0.3835672580290587 0.014893746974937904 0.009371677973732683
0 0.5365081090986275 0.4108114314802355 0.013331246974937904 0.00928979081860284
0 0.5834507659108775 0.5309701232487782 0.011777837334017605 0.01077040366347326
0 0.5629251633533535 0.4344193498430299 0.010201701795397967 0.008344766508343326
0 0.6106495910464507 0.4202030416115724 0.014126132513557366 0.011674484396167806
0 0.585050148228043 0.3903041796712133 0.011768746974937905 0.009207903663473082
0 0.5538865066392994 0.3770981727738083 0.013331246974937904 0.00928979081860284
0 0.43881095248276913 0.4229606286758451 0.009411361436318443 0.006741322930778537
0 0.39019112442032966 0.5910831869073025 0.012549996974937905 0.00924884724103805
0 0.32232236837020545 0.5774577781554467 0.012568177693097126 0.01237384724103805
0 0.295195745226422 0.8100589162150875 0.017223861436318443 0.007150758706427496
0 0.1420571096878026 0.8204276074178033 0.014112496974937905 0.009330734396167628
0 0.2762593928652899 0.8430728120766446 0.011005677693097127 0.01229196008590847
0 0.011031907008641737 0.251688652758962 0.00785340661585828 0.007440685775648781
0 0.07368189793345543 0.22263191655377193 0.00549147589769905 0.004192855042954147
0 0.09082394613805735 0.22954365784734465 0.006277271077238855 0.005015048620519024
0 0.05311032269968632 0.2682276995704587 0.0055142017953981 0.008099105042954058
0 0.06174952449508442 0.25996482021724504 0.004714771077238833 0.004933161465389269
0 0.0592466932111911 0.2874314009499397 0.008643746974937905 0.00904412935321366
0 0.03252511192729779 0.31616723258714546 0.014884656615858272 0.007809177973732595
0 0.17374098526747295 0.2072348886254678 0.02739829215447771 0.010808025214770645
0 0.013566033668466584 0.35308737844870247 0.006272725897699044 0.004233798620519025
0 0.1520341569104459 0.17947505879728431 0.009406816256778684 0.005960072930778493
0 0.21690063280814492 0.17217049185939964 0.009415906615858293 0.0075225729307785375
0 0.3377353075743758 0.21035548733684384 0.007844316256778682 0.005878185775648781
0 0.42241937978308286 0.15280858095983724 0.02354203912941557 0.019197057326946255
0 0.3891341811109427 0.235778211217562 0.013335792154477666 0.010071040818602838
0 0.39057850644290765 0.25600882406243225 0.008634656615858294 0.00748162935321357
0 0.38578646731349203 0.2742232355278215 0.007857951795398143 0.008221935775648781
0 0.24522964500658917 0.26987432948949924 0.009411361436318443 0.006741322930778537
0 0.264669991415793 0.2844757400503773 0.007844316256778682 0.005878185775648781
0 0.2833381781840765 0.29755559418882027 0.011773292154477666 0.009989153663473083
0 0.27230522941374047 0.31453505427472855 0.008648292154477665 0.009825379353213658
0 0.3090057986955812 0.3157357061291794 0.007857951795398143 0.008221935775648781
0 0.33238875654110356 0.32388239880223313 0.007067611436318444 0.006618492198083903
0 0.39904044623625323 0.27821469470921867 0.007844316256778682 0.005878185775648781
0 0.40906488602959873 0.3003386782008753 0.008621021077238921 0.00513787935321357
0 0.3847370517206433 0.3203579291053864 0.007058521077238833 0.005055992198083903
0 0.35667568423420065 0.31089439789772194 0.008639201795398056 0.00826287935321357
0 0.3221143318730685 0.34472716531057646 0.010969316256778683 0.006041960085908293
0 0.2877166059753694 0.350434932723431 0.007067611436318444 0.006618492198083903
0 0.30330069935951115 0.3566473111721335 0.009420451795398143 0.008303822930778536
0 0.3228410397185908 0.3540612217330116 0.011759656615858293 0.007645403663473082
0 0.33922001864135193 0.35788890660414924 0.009415906615858205 0.0075225729307785375
0 0.365805244539051 0.35259057496694346 0.010188066256778682 0.006001016508343416
0 0.498831367977422 0.30891141678091455 0.016456246974937905 0.009453565128862352
0 0.4619762625912277 0.33427326492646364 0.014130677693097126 0.012455734396167806
0 0.5910784761922867 0.15958976820582405 0.016460792154477665 0.010234815128862396
0 0.6273290726996864 0.2381341700602749 0.011773292154477843 0.009989153663473083
0 0.6634665605994379 0.2018757654922906 0.010982951795398144 0.008385710085908294
0 0.5554904341360049 0.23565097919624348 0.008648292154477844 0.009825379353213658
0 0.5999489612633678 0.24581719527504556 0.009415906615858205 0.0075225729307785375
0 0.5489222715682182 0.29066602781676243 0.011773292154477666 0.009989153663473083
0 0.5784506902843248 0.31645392186929716 0.010210792154477667 0.009907266508343327
0 0.6129120486955812 0.2998086544564426 0.010197156615858205 0.007563516508343327
0 0.5041455818730685 0.3351873117379604 0.010188066256778682 0.006001016508343326
0 0.4923268379231927 0.35298896540143354 0.007853406615858205 0.007440685775648781
0 0.5336376391528568 0.3672252057904951 0.006290906615858205 0.007358798620519025
0 0.4936666241257421 0.3911883282463038 0.007067611436318444 0.006618492198083903
0 0.5475092416121847 0.3993007213943273 0.008630111436318444 0.006700379353213571
0 0.520892199457707 0.4100678030315331 0.011750566256778682 0.0060829036634732605
0 0.4823836904807166 0.451136538332212 0.008634656615858206 0.007481629353213748
0 0.5095956302740621 0.4723597631174414 0.007853406615858205 0.007440685775648781
0 0.598730853146699 0.45519219527504556 0.006286361436318444 0.006577548620519025
0 0.6245848260193361 0.44134105721540456 0.008630111436318444 0.0067003793532137475
0 0.6024825670423455 0.48154997738722116 0.007848861436318444 0.006659435775648781
0 0.6786001603282914 0.4197659503634282 0.007853406615858205 0.007440685775648781
0 0.6066615278147341 0.43447025949939677 0.0062818162567786825 0.005796298620519025
0 0.602209856269957 0.5284249773872212 0.005523292154477666 0.009661605042954236
0 0.6232899707313376 0.5296632507929695 0.007830680718159223 0.0035344357756486033
0 0.6334553110904173 0.5275684842846261 0.006286361436318444 0.006577548620519025
0 0.6506337207313375 0.5282302255781988 0.007853406615858205 0.007440685775648781
0 0.6404365641154793 0.5357937420865422 0.005509656615858205 0.0073178550429542355
0 0.6122433864223822 0.5489864608788778 0.010201701795397967 0.008344766508343326
0 0.5981808864223822 0.5497234452750455 0.007067611436318444 0.006618492198083814
0 0.5646234978587007 0.5452340191103351 0.011759656615858205 0.00764540366347326
0 0.6746979346269841 0.5535234746736877 0.009415906615858205 0.0075225729307785375
0 0.6511831665748075 0.5680330320006339 0.01252272589769916 0.004561347241038049
0 0.6215138472929667 0.5664638879480993 0.011773292154477843 0.00998915366347326
0 0.6335916664766115 0.5041309842846261 0.008634656615858206 0.00748162935321357
0 0.6781683682720095 0.4939847003634282 0.012536361436318444 0.0069050972410380496
0 0.7265058743221339 0.5086336985544058 0.010188066256778682 0.006001016508343326
0 0.7657592718628058 0.47377401967616206 0.008616475897698983 0.00435662935321357
0 0.6148371212970718 0.5058948801461831 0.011746021077238922 0.005301653663473261
0 0.5641785911446465 0.4874624626879001 0.010197156615858205 0.007563516508343327
0 0.7426030521134268 0.5608988834255435 0.013335792154477666 0.010071040818602838
0 0.8241621243221339 0.5035157513587963 0.013326701795398322 0.008508540818602838
0 0.6530557805452085 0.24615803200063396 0.010197156615858205 0.007563516508343415
0 0.6811989612633679 0.2415590632082984 0.011755111436318444 0.0068641536634730825
0 0.6482001089022357 0.2753099434660232 0.008634656615858206 0.00748162935321357
0 0.9189802415139889 0.3150087720510113 0.011759656615858205 0.007645403663473082
0 0.8681171782822723 0.3317326045927282 0.006295451795397966 0.008140048620519025
0 0.8686984403825206 0.36606666101516333 0.011764201795398322 0.008426653663473083
0 0.8702200337666625 0.3730160238600336 0.015661361436318445 0.007068871551297562
0 0.936589922330344 0.3757858197670191 0.007853406615858205 0.007440685775648781
0 0.7977768863241863 0.4744390829960022 0.009406816256778684 0.005960072930778537
0 0.7742757538106291 0.4866048903229485 0.010188066256778682 0.006001016508343326
0 0.7483399677062754 0.5145185283825894 0.007853406615858205 0.007440685775648603
0 0.7201376996540988 0.5292737471749248 0.007839771077238922 0.005096935775648603
0 0.696863826117532 0.5023770545018712 0.008625566256778683 0.005919129353213748
0 0.6933933924725064 0.5619158288121306 0.006286361436318444 0.006577548620519025
0 0.6595269317001179 0.6105514026474204 0.010183521077238921 0.0052197665083433264
0 0.6399865913410382 0.6131374920865422 0.010183521077238921 0.0052197665083433264
0 0.6368025040070208 0.6234575163968017 0.007839771077238922 0.005096935775648781
0 0.5587229558024188 0.6197393741532894 0.007063066256778683 0.005837242198083814
0 0.5565564678044714 0.5893934548859839 0.008625566256778683 0.005919129353213748
0 0.5683979376520462 0.5676855512225109 0.009402271077238922 0.005178822930778537
0 0.5652183954975685 0.5772243255327704 0.007835225897698982 0.004315685775648781
0 0.5283996515476928 0.5963361736783195 0.007839771077238922 0.005096935775648603
0 0.5017189768796577 0.6180407553155253 0.009411361436318443 0.006741322930778537
0 0.4852990913410382 0.6212443204443877 0.007058521077238922 0.005055992198083814
0 0.48224226903413536 0.6096893447546472 0.008621021077238921 0.00513787935321357
0 0.4353309075978169 0.6183959594085398 0.007076701795397966 0.008180992198083815
0 0.36345590759781693 0.6221627685445084 0.007862496974937905 0.009003185775648603
0 0.4174939678044714 0.5966814116925319 0.008639201795398144 0.008262879353213747
0 0.4176030521134268 0.5779314116925318 0.008625566256778683 0.005919129353213748
0 0.4536132749860638 0.5635480071245477 0.010201701795397967 0.008344766508343326
0 0.2981672508837628 0.5677895290599579 0.011759656615858293 0.00764540366347326
0 0.30513032319066563 0.579139786861874 0.009420451795398055 0.008303822930778536
0 0.30665191657480734 0.5860891497067442 0.011746021077238922 0.005301653663473261
0 0.2326467900131784 0.5532600395754075 0.010188066256778682 0.006001016508343326
0 0.2115257689359395 0.5590530161696592 0.014112496974937905 0.009330734396167628
0 0.22538373585664812 0.5934722817734913 0.008634656615858294 0.007481629353213748
0 0.3279183833973201 0.5552961731124926 0.012540906615858294 0.007686347241038049
0 0.2837684075978169 0.6263390134561256 0.010188066256778682 0.006001016508343326
0 0.2822786304704539 0.6139209006112554 0.009411361436318443 0.006741322930778537
0 0.26882920882748096 0.6435231914298584 0.010197156615858294 0.007563516508343327
0 0.3838729467272325 0.6031294855278215 0.007862496974937905 0.009003185775648782
0 0.4193291785768599 0.5497245245374021 0.006290906615858205 0.007358798620519025
0 0.3439246575978169 0.6231863579836302 0.006277271077238922 0.005015048620519024
0 0.3943922902095701 0.6744312754419133 0.008625566256778683 0.005919129353213748
0 0.26450934748935834 0.7148216593176826 0.010210792154477667 0.009907266508343327
0 0.26158433538910997 0.6806104336279422 0.0062818162567786825 0.005796298620519025
0 0.24676733558550165 0.81103491802411 0.007072156615858294 0.007399742198083814
0 0.24978779645608604 0.8288398937138505 0.011750566256778682 0.0060829036634732605
0 0.3286667753788472 0.829392092379798 0.008630111436318444 0.0067003793532137475
0 0.3350849470218201 0.800158293759279 0.008639201795398144 0.008262879353213747
0 0.36025766384433283 0.7691605992772029 0.008634656615858206 0.007481629353213748
0 0.29868838388829944 0.8809479483272632 0.010964771077238833 0.005260710085908471
0 0.1878872392744937 0.8633244363414757 0.011755111436318444 0.006864153663472905
0 0.09667643199470546 0.8345210849165661 0.007844316256778661 0.005878185775648604
0 0.10045996214713063 0.8554101170287417 0.008616475897699072 0.004356629353213748
0 0.10476618794663381 0.7864553991409174 0.007853406615858293 0.007440685775648603