0 0.4671875 0.3953125 0.01171875 0.00859375
0 0.01953125 0.4671875 0.01640625 0.0109375
0 0.06484375 0.2953125 0.015625 0.0109375
0 0.4296875 0.46875 0.0109375 0.0078125
0 0.60703125 0.39453125 0.01171875 0.00703125
0 0.57890625 0.5453125 0.01328125 0.009375
0 0.2671875 0.3828125 0.01328125 0.009375
0 0.35625 0.5578125 0.01171875 0.0078125
0 0.51484375 0.18046875 0.0140625 0.0109375
0 0.29296875 0.1328125 0.01171875 0.00859375
0 0.35625 0.60703125 0.01171875 0.00859375
0 0.7171875 0.3578125 0.01328125 0.009375
0 0.328125 0.50703125 0.01328125 0.00859375
0 0.1921875 0.33125 0.0140625 0.009375
0 0.10546875 0.58125 0.0109375 0.00859375
0 0.89375 0.56640625 0.0125 0.0078125
0 0.578125 0.1828125 0.0140625 0.01015625
0 0.3921875 0.503125 0.01484375 0.01015625
0 0.26484375 0.55390625 0.0140625 0.00859375
0 0.25859375 0.63203125 0.01171875 0.00859375
0 0.29453125 0.64453125 0.0125 0.0078125
0 0.6828125 0.83203125 0.0125 0.009375
0 0.0796875 0.49375 0.01015625 0.00703125
0 0.63515625 0.5078125 0.01328125 0.01015625
0 0.06484375 0.56953125 0.0140625 0.01015625
0 0.690625 0.38515625 0.0125 0.009375
0 0.81484375 0.7421875 0.01171875 0.00859375
0 0.54765625 0.534375 0.0109375 0.0078125
0 0.8296875 0.78359375 0.0140625 0.0109375
0 0.409375 0.45546875 0.01171875 0.0078125
0 0.403125 0.5546875 0.01328125 0.00859375
0 0.2125 0.58125 0.01875 0.0125
0 0.6375 0.51640625 0.01015625 0.00859375
0 0.28671875 0.46875 0.01328125 0.009375
0 0.56171875 0.46953125 0.01328125 0.009375
0 0.471875 0.71953125 0.0140625 0.00859375
0 0.28671875 0.79296875 0.0140625 0.01015625
0 0.58359375 0.50703125 0.01171875 0.00859375
0 0.3125 0.46640625 0.015625 0.0109375
0 0.23359375 0.54453125 0.01328125 0.00859375
0 0.23984375 0.7421875 0.01796875 0.01171875
0 0.1328125 0.37109375 0.01328125 0.009375
0 0.2953125 0.8328125 0.01171875 0.0078125
0 0.0921875 0.53984375 0.0140625 0.01015625
0 0.4609375 0.69765625 0.01328125 0.009375
0 0.5453125 0.259375 0.01484375 0.0109375
0 0.63515625 0.534375 0.01328125 0.009375
0 0.025 0.5703125 0.01484375 0.01171875
0 0.64375 0.92109375 0.01171875 0.0078125
0 0.796875 0.49765625 0.0140625 0.01015625
0 0.36015625 0.4546875 0.01328125 0.009375
0 0.70625 0.9546875 0.01015625 0.00703125
0 0.11953125 0.5296875 0.01171875 0.00859375
0 0.2359375 0.29375 0.0125 0.00859375
0 0.66015625 0.35546875 0.0125 0.00859375
0 0.36484375 0.61875 0.01484375 0.0109375
0 0.57109375 0.58125 0.01171875 0.0078125
0 0.30078125 0.62734375 0.015625 0.0109375
0 0.19453125 0.49296875 0.015625 0.01015625
0 0.878125 0.54765625 0.01328125 0.01015625
0 0.453125 0.65859375 0.0109375 0.0078125
0 0.6921875 0.84375 0.01484375 0.0109375
0 0.434375 0.5546875 0.01015625 0.0078125
0 0.63125 0.3765625 0.01328125 0.01015625
0 0.95703125 0.5296875 0.01328125 0.009375
0 0.46875 0.415625 0.0125 0.00859375
0 0.22578125 0.46640625 0.01328125 0.01015625
0 0.2015625 0.45234375 0.01953125 0.0109375
0 0.6125 0.21171875 0.01484375 0.0140625
0 0.80625 0.5859375 0.01328125 0.009375
0 0.340625 0.91875 0.01328125 0.009375
0 0.0921875 0.5671875 0.01015625 0.0078125
0 0.48203125 0.85703125 0.01171875 0.01015625
0 0.33515625 0.553125 0.01171875 0.009375
0 0.84765625 0.396875 0.01484375 0.0109375
0 0.490625 0.69375 0.01328125 0.00859375
0 0.340625 0.07421875 0.0125 0.009375
0 0.45703125 0.46171875 0.0125 0.00859375
0 0.55625 0.75859375 0.0125 0.00859375
0 0.7046875 0.91796875 0.0140625 0.01015625
0 0.55859375 0.6640625 0.01328125 0.009375
0 0.65 0.5921875 0.0140625 0.01015625
0 0.56015625 0.640625 0.0109375 0.00859375
0 0.3421875 0.78203125 0.01796875 0.01171875
0 0.2515625 0.41015625 0.0140625 0.01015625
0 0.64296875 0.46484375 0.0109375 0.00859375
0 0.23984375 0.4859375 0.0125 0.0109375
0 0.36875 0.7296875 0.01640625 0.01171875
0 0.7703125 0.61484375 0.01328125 0.009375
0 0.4609375 0.5390625 0.0109375 0.00859375
0 0.48671875 0.50625 0.01171875 0.0078125
0 0.6515625 0.8375 0.01875 0.01171875
0 0.67265625 0.94140625 0.01328125 0.009375
0 0.59140625 0.65625 0.0125 0.00859375
0 0.384375 0.53984375 0.01171875 0.009375
0 0.18203125 0.3453125 0.01328125 0.00859375
0 0.50078125 0.2328125 0.0140625 0.01171875
0 0.58359375 0.4625 0.0109375 0.00859375
0 0.47890625 0.73984375 0.01484375 0.009375
0 0.7921875 0.52265625 0.0125 0.009375
0 0.66171875 0.5078125 0.0125 0.009375
0 0.5828125 0.5171875 0.01171875 0.009375
0 0.49140625 0.6171875 0.0125 0.009375
0 0.534375 0.38671875 0.01328125 0.0109375
0 0.9734375 0.59453125 0.0140625 0.009375
0 0.29609375 0.525 0.00546875 0.00859375
0 0.2890625 0.51171875 0.0078125 0.00625
0 0.2453125 0.58359375 0.00625 0.00546875
0 0.21484375 0.62265625 0.00546875 0.0046875
0 0.28828125 0.56484375 0.00546875 0.0046875