0 0.5718061060629971 0.44428315790506473 0.012581816000954404 0.007467759618646852
0 0.54495270472627 0.4202107408446893 0.015715906667727354 0.008358137023308565
0 0.47960951539622443 0.4467211663425853 0.012599997334499947 0.009030259618646851
0 0.608007235399406 0.46568444275145504 0.009447725334181811 0.006577382213985139
0 0.5228055320655425 0.46475191452848674 0.00866647533418181 0.006550100362819578
0 0.6177634960614062 0.4309547786863045 0.00864829400063627 0.004987600362819755
0 0.68655894939527 0.4324602257837468 0.015706816000954405 0.007576887023308565
0 0.6328617847310425 0.4523114235141614 0.01100113466740904 0.005850695916316084
0 0.6106691587364513 0.4929463471979588 0.013381247334499946 0.009057541469812237
0 0.5183180267345423 0.48210310563547926 0.01490738466740904 0.005987105172143003
0 0.5924645987428148 0.5404761116259291 0.008693747334499947 0.008893850362819755
0 0.6242413100731785 0.5174825557281466 0.012581816000954404 0.007467759618646852
0 0.6127680080760419 0.5389855334956279 0.010265338001272717 0.009729664065150523
0 0.6223884560789055 0.5597519012816428 0.00866647533418181 0.006550100362819755
0 0.6841981127466327 0.565409135039574 0.009465906667727175 0.00813988221398514
0 0.6612327800763602 0.5396378087233714 0.01026533800127254 0.009729664065150523
0 0.6866413127386786 0.5067062576349123 0.011791475334181812 0.006659227767481468
0 0.47758722278799437 0.8774354530030741 0.023546588001272538 0.010193455534962936
0 0.18302815344522214 0.818162179041275 0.014107953333863587 0.004397323320977619
0 0.09516452677431322 0.789967746371803 0.0180960193348181 0.011564982576804893
0 0.9070777980187719 0.10666158449926906 0.011037497334499945 0.008975695916315996
0 0.9385737933640895 0.19387884230381736 0.014144316000954404 0.007522323320977709
0 0.863619246697953 0.20040415001569842 0.014144316000954404 0.007522323320977709
0 0.8035448126989075 0.2095361025554364 0.007876134667409218 0.005741568511654282
0 0.6668169720321349 0.21352917650938624 0.011073860001590852 0.012100695916315907
0 0.5952050540260897 0.17148057496544022 0.01502556333545435 0.016143355172143093
0 0.632051620703362 0.24835060981183052 0.012627269334818081 0.011374009618646852
0 0.4247016500238626 0.1610217685195035 0.024427835335772485 0.018814487386128276
0 0.39516014803468025 0.2417732607149552 0.01653351933481808 0.01151041887447395
0 0.5054533053787251 0.31686005155179525 0.014961928668045488 0.010674605172143182
0 0.6186981927116343 0.3097791831328082 0.012609088001272717 0.009811509618646852
0 0.4682351160486796 0.3423883304077358 0.00950226933481808 0.011264882213985139
0 0.33912887137967973 0.3297023358500314 0.011809656667727176 0.008221727767481469
0 0.3105862480505886 0.36196176434315225 0.012590906667727175 0.008249009618646852
0 0.2887834260423162 0.30176087432461884 0.010256247334499946 0.008948414065150522
0 0.38137146272277017 0.4001313977382638 0.013390338001272716 0.009838791469812235
0 0.31401978337840697 0.32120035508732514 0.01261817866804531 0.010592759618646853
0 0.3901459313733163 0.2810267336731132 0.011037497334499945 0.008975695916315996
0 0.4398833967218156 0.3910540089008566 0.01569772533418181 0.006795637023308565
0 0.3293180667170431 0.359744499915182 0.009456816000954493 0.007358632213985139
0 0.4447799820575883 0.40885906779386405 0.016515338001272716 0.009947918874474127
0 0.5852862560470887 0.3265773027329216 0.012599997334499947 0.009030259618646851
0 0.5537180827100434 0.30032482677953876 0.01261817866804531 0.010592759618646853
0 0.39539650537077103 0.2620857607149552 0.016506247334499947 0.00916666887447395
0 0.3292089787157705 0.35036949991518196 0.012581816000954493 0.007467759618646852
0 0.3715237480505886 0.3598337799522489 0.011800566000954494 0.007440477767481468
0 0.3473413607176795 0.36380451733837715 0.009465906667727175 0.00813988221398514
0 0.3963152100572701 0.4082067925661207 0.014971019334818082 0.011455855172143004
0 0.4997123827179976 0.36082830636111873 0.009456816000954405 0.007358632213985139
0 0.40427206604072535 0.2860044103521355 0.009456816000954405 0.007358632213985139
0 0.2780368300445434 0.3185490702409348 0.013390338001272628 0.009838791469812235
0 0.5593317360359529 0.24541907197021534 0.01887726933481808 0.011592264427970279
0 0.5112402287157705 0.3440128285936373 0.011028406667727354 0.008194445916315995
0 0.48935668539145194 0.4112102522774347 0.01807783800127254 0.010002482576804894
0 0.39157371339908786 0.47089776552427864 0.01573408800127272 0.009920637023308565
0 0.43942995806808777 0.48642107260318745 0.011028406667727175 0.008194445916316084
0 0.5732146120703149 0.49816212605389937 0.009465906667727352 0.00813988221398514
0 0.5601958967218156 0.38685260382138076 0.013381247334499946 0.009057541469812237
0 0.5428811273869976 0.37651530454702015 0.007149428668045488 0.01040178666048881
0 0.356998718730088 0.4549106669755574 0.011028406667727175 0.008194445916316084
0 0.4907106473981334 0.46040172042626926 0.012599997334499947 0.009030259618646851
0 0.34031974872690635 0.4320460858500314 0.011800566000954494 0.007440477767481468
0 0.28050894406426974 0.46383428838976937 0.012581816000954493 0.007467759618646852
0 0.6311822007479053 0.5766393009188231 0.014961928668045488 0.010674605172143003
0 0.5916095287237246 0.3998238297747636 0.012581816000954404 0.007467759618646852
0 0.49938566605663376 0.39991808821228414 0.012590906667727175 0.008249009618646852
0 0.5541913447246791 0.40816460863070414 0.010238066000954404 0.0073859140651505225
0 0.4988135013924063 0.4179141200634495 0.007885225334181812 0.0065228185116541935
0 0.4465970207272245 0.43067950409153327 0.007876134667409041 0.005741568511654194
0 0.5341066587364514 0.49561996861217067 0.01099204400063627 0.005069445916316084
0 0.6379487267265882 0.4193079505560034 0.007876134667409041 0.005741568511654194
0 0.7761481607256336 0.40744781289972265 0.010247156667727176 0.008167164065150523
0 0.642191878739633 0.5152925731513417 0.006340906667727175 0.008030754809323425
0 0.6440270987428146 0.5386755094490108 0.009438634667409218 0.005796132213985139
0 0.4630861814130872 0.5715673989193901 0.014153406667727176 0.00830357332097762
0 0.40084981074949616 0.5964061970126243 0.014943747334499945 0.00911210517214318
0 0.7508668973981334 0.4513168639881818 0.012609088001272717 0.009811509618646852
0 0.8344884667409058 0.5179562377646464 0.011809656667727353 0.008221727767481469
0 0.33426174741404174 0.5831001543616857 0.018123291335136304 0.013908732576804894
0 0.22068959607731467 0.5620560227806728 0.013390338001272716 0.009838791469812235
0 0.17766630207667827 0.5588690245947714 0.014162497334499946 0.00908482332097762
0 0.1687003820814508 0.5943526568087565 0.0110556786680454 0.010538195916316084
0 0.07215209874281467 0.558645824502104 0.008693747334499947 0.008893850362819578
0 0.12613052673454234 0.49579859492052414 0.018041475334181812 0.0068774825768048945
0 0.22322370273708766 0.5111656453760111 0.012609088001272629 0.009811509618646852
0 0.25044018340226953 0.499273280585221 0.008675566000954493 0.007331350362819578
0 0.30758106874599633 0.5738714873013102 0.014144316000954494 0.0075223233209776195
0 0.28109184142263227 0.6482638520921002 0.011809656667727176 0.008221727767481469
0 0.25858903807286027 0.5279067120735668 0.012581816000954493 0.007467759618646852
0 0.242519142743451 0.5573858809480408 0.012581816000954583 0.007467759618646852
0 0.3379225494111783 0.5618699951058586 0.014916475334181811 0.006768355172143003
0 0.3155208380808145 0.584536168789656 0.011028406667727175 0.008194445916315907
0 0.31637481341499624 0.5907588869384905 0.01490738466740904 0.005987105172143003
0 0.4300918680776327 0.5570882366683381 0.012581816000954404 0.007467759618646852
0 0.42828446741722337 0.6032638322218343 0.010274428668045487 0.0105109140651507
0 0.2912406427832219 0.8487722835804459 0.010265338001272717 0.0097296640651507
0 0.11054462611390385 0.8355431411996598 0.009474997334499946 0.008921132213984962
0 0.15572985677908574 0.8230232938320651 0.0149619286680454 0.010674605172143003
0 0.3103809941119948 0.8144964873013102 0.014153406667727176 0.00830357332097762
0 0.3740162327736769 0.7755406255057451 0.014925566000954493 0.007549605172143004