0 0.5921875 0.6578125 0.00625 0.01015625
0 0.5796875 0.30625 0.00546875 0.00625
0 0.52109375 0.61796875 0.0046875 0.0109375
0 0.26796875 0.55234375 0.0046875 0.00703125
0 0.46875 0.14453125 0.0046875 0.00859375
0 0.453125 0.1609375 0.0046875 0.009375
0 0.478125 0.16640625 0.00546875 0.0140625
0 0.484375 0.15625 0.0046875 0.00703125
0 0.48359375 0.14375 0.003125 0.00625
0 0.4671875 0.18828125 0.00625 0.01484375
0 0.48046875 0.1953125 0.01484375 0.01484375
0 0.49375 0.184375 0.0046875 0.009375
0 0.50703125 0.18203125 0.00625 0.01015625
0 0.43046875 0.14140625 0.0125 0.0125
0 0.459375 0.203125 0.00625 0.009375
0 0.4734375 0.215625 0.0046875 0.009375
0 0.48515625 0.2421875 0.0078125 0.00703125
0 0.49375 0.22578125 0.0046875 0.00859375
0 0.43828125 0.23984375 0.00703125 0.009375
0 0.4578125 0.234375 0.00625 0.0078125