0 0.6046875 0.2578125 0.0046875 0.00703125
0 0.75234375 0.40546875 0.00625 0.0109375
0 0.16796875 0.40703125 0.00703125 0.01015625
0 0.7375 0.28671875 0.01328125 0.0171875
0 0.5875 0.16328125 0.00625 0.01171875
0 0.578125 0.17734375 0.0046875 0.01015625
0 0.56640625 0.146875 0.00703125 0.01015625
0 0.5625 0.1703125 0.00546875 0.009375
0 0.5703125 0.125 0.0046875 0.01015625
0 0.59921875 0.18125 0.00546875 0.0078125
0 0.62109375 0.1796875 0.00390625 0.00625
0 0.5859375 0.21875 0.003125 0.00859375
0 0.5515625 0.19765625 0.00625 0.00859375
0 0.6 0.146875 0.0046875 0.00859375
0 0.575 0.15859375 0.00625 0.0140625
0 0.55703125 0.08984375 0.01171875 0.01875
0 0.53515625 0.12421875 0.003125 0.0125
0 0.52734375 0.0828125 0.0046875 0.009375
0 0.58984375 0.12421875 0.0046875 0.009375
0 0.571875 0.1390625 0.00703125 0.0078125