0 0.10925699028459954 0.6995795188831926 0.008884848428423454 0.0067003793532137475
0 0.5522471650155399 0.6257060911366026 0.0059781722497408655 0.011224105042954236
0 0.4467763767595829 0.38028512777133394 0.008285534946188023 0.010565685775648781
0 0.48255540322871565 0.5825979002725712 0.006050946856846906 0.012786605042954235
0 0.5786429226640257 0.1091770104039079 0.006014559553293886 0.012005355042954146
0 0.5492807543432262 0.13721347919624347 0.007431510339082159 0.008962242198083902
0 0.43020111455847393 0.18398001583097484 0.007504284946188022 0.010524742198083904
0 0.41805002502139066 0.1269454438047075 0.0059781722497408655 0.011224105042954147
0 0.5833325767168016 0.07541948609364843 0.006832196856846906 0.012827548620519002
0 0.7009738409848254 0.07626825588135215 0.008176373035529316 0.008221935775648758
0 0.7027610111676518 0.25542348937300874 0.009957196856846906 0.012991322930778537
0 0.46407100041428484 0.1260922727283798 0.006795809553294063 0.012046298620519025
0 0.5054772504142848 0.1239222631174414 0.0073587357319762955 0.0073997421980839025
0 0.49212322580717893 0.12618080393604428 0.006087334160399749 0.013567855042954147
0 0.484984967949296 0.0953811832892579 0.00668664764263518 0.009702548620519025
0 0.476699433003108 0.10594686906490666 0.0077226087675057896 0.015212242198083903
0 0.4707598021096958 0.08287786126299056 0.0059781722497408655 0.011224105042954124
0 0.4554215924325674 0.14447045850402856 0.006650260339082159 0.008921298620519024
0 0.45158596298689735 0.17662453923672322 0.009920809553294063 0.012210072930778536
0 0.4385572700589918 0.20536369290019635 0.005941784946188022 0.010442855042954146
0 0.43991856286306275 0.2263346121675017 0.006613873035529139 0.008140048620519025