0 0.474087705354436 0.41434893186212307 0.01186875446422686 0.009071252471457925
0 0.027686038146151653 0.4679833374524299 0.016597164772652384 0.01160600346004106
0 0.06999844886161426 0.29795468034206724 0.015815914772652383 0.011574169961943959
0 0.43786956168510205 0.4862584239534577 0.011073867694751627 0.008258168973360824
0 0.6139178185849609 0.41926587802152115 0.01184148092527657 0.007508752471457924
0 0.5884247150936687 0.5689011220900221 0.013444891233702095 0.009916169467652303
0 0.27386951704283324 0.393699556349241 0.013444891233702095 0.009916169467652303
0 0.36598665340527137 0.5723285751323213 0.011855117694751716 0.008290002471457924
0 0.5179938437487642 0.20144702524605201 0.014253414772652384 0.01151050296574958
0 0.2952870008107789 0.1447500617864484 0.01186875446422686 0.009071252471457925
0 0.3668457698822071 0.6215473251323212 0.01186875446422686 0.009071252471457925
0 0.7234331404196279 0.3870356512532257 0.013444891233702095 0.009916169467652303
0 0.3369752633893853 0.5204013192008222 0.01343125446422686 0.009134919467652302
0 0.19796949025747207 0.3390810405319101 0.01422614123370205 0.009948002965749492
0 0.11561450648952647 0.5855475222431215 0.01108750446422686 0.009039418973360825
0 0.9036366578694983 0.6028237718231919 0.012636367694751627 0.008321835969555024
0 0.5813160040571898 0.20636928859192488 0.014239778003177151 0.010729252965749581
0 0.4009695795420095 0.5191054160447923 0.01502102800317715 0.010761086463846681
0 0.2745122195578955 0.5646978058549493 0.014212504464226861 0.009166752965749581
0 0.2696258965054125 0.6425681378701718 0.01186875446422686 0.009071252471457925
0 0.30578158481701523 0.6565324787826429 0.012636367694751715 0.008321835969555024
0 0.697335659491056 0.8598537273369491 0.012663641233702094 0.009884335969555024
0 0.08830593830830744 0.496997016805914 0.010278980925276526 0.007445085475263546
0 0.6440201501588605 0.5336931339530201 0.01345852800317715 0.010697419467652302
0 0.07478495494739892 0.5721734303420674 0.014239778003177194 0.010729252965749581
0 0.6973479273512588 0.41329706231792096 0.012663641233702094 0.009884335969555024
0 0.8277986810014116 0.7753898385153752 0.011868754464227037 0.009071252471457925
0 0.5569838003210162 0.5566902821661343 0.011073867694751627 0.008258168973360824
0 0.8433651797835957 0.8174009249792219 0.014253414772652207 0.01151050296574958
0 0.41732523660402415 0.4721495030029306 0.011855117694751626 0.008290002471457924
0 0.41280710632737067 0.571113585018153 0.01343125446422686 0.009134919467652302
0 0.22264575648952648 0.5899087114824372 0.018968188311602675 0.013264003954332537
0 0.6465139046230874 0.5423823844473117 0.010306254464226861 0.009007585475263546
0 0.29490081168510196 0.48043289380167087 0.013444891233702095 0.009916169467652303
0 0.5699144484545771 0.49241953513188375 0.013444891233702095 0.009916169467652303
0 0.48443446468663154 0.7387586828507062 0.014212504464226861 0.009166752965749581
0 0.30056007101729754 0.8046516438016708 0.01423977800317724 0.010729252965749581
0 0.5924440133893853 0.5308108730786052 0.01186875446422686 0.009071252471457925
0 0.3206411513766765 0.4791396492388783 0.015815914772652383 0.011574169961943959
0 0.24309857832419351 0.5540494659310615 0.01343125446422686 0.009134919467652481
0 0.25279868100141145 0.7519603839158391 0.018173301542127616 0.012450920456235437
0 0.13928996550070574 0.3765054446765233 0.013444891233702006 0.009916169467652303
0 0.3098492962605312 0.8448455622807399 0.011855117694751716 0.008290002471457924
0 0.10161050770734245 0.5436001027754691 0.01423977800317724 0.010729252965749581
0 0.4731151351413268 0.7164380138773454 0.013444891233702095 0.00991616946765248
0 0.5498399074657565 0.28159478167184265 0.015034664772652384 0.01154233646384668
0 0.6444838003210163 0.5602556339530201 0.013444891233702095 0.009916169467652303
0 0.03495484171687409 0.5713311719391102 0.015048301542127551 0.01232358646384668
0 0.6598277512112254 0.9473245524320892 0.011855117694751626 0.008290002471457924
0 0.8055616221556832 0.5301264180591396 0.014239778003177151 0.010729252965749581
0 0.36809284983454893 0.46936274262280725 0.013444891233702095 0.009916169467652303
0 0.7229141322986578 0.9834649822798649 0.01027898092527657 0.007445085475263369
0 0.12877697970416527 0.5345580252088709 0.01186875446422686 0.009071252471457925
0 0.2410649253226639 0.30336371642535315 0.012650004464226861 0.009103085969555202
0 0.6663609801112023 0.3823680558921304 0.012650004464226861 0.009103085969555202
0 0.37564407142433465 0.6336162436113904 0.015034664772652384 0.01154233646384668
0 0.5812395064895265 0.60452028710905 0.011855117694751626 0.008290002471457924
0 0.3117315758885615 0.6395996467674203 0.015815914772652383 0.011574169961943959
0 0.20313605153883224 0.5008952910262018 0.01580227800317724 0.010792919961943958
0 0.8876843754020942 0.5834371018612481 0.01345852800317715 0.010697419467652302
0 0.4646207966675683 0.6770571788963735 0.011073867694751627 0.008258168973360824
0 0.7069152110331836 0.8719544793141154 0.015034664772652384 0.01154233646384668
0 0.44405710632737067 0.5723869249420408 0.010292617694751626 0.008226335475263547
0 0.6378229228870319 0.40228396646253417 0.01345852800317715 0.010697419467652302
0 0.9662769797041653 0.5686835351690648 0.013444891233702095 0.009916169467652303
0 0.4760047613607904 0.4347250988583175 0.012650004464226861 0.009103085969555025
0 0.23392240137667647 0.4756061309500896 0.013458528003177239 0.010697419467652302
0 0.20945818952612344 0.46055679250907655 0.019722164772652383 0.011733337452429993
0 0.6161955645277711 0.23667621250820145 0.015089211850553142 0.014667336463846681
0 0.8164775771063775 0.618789670036306 0.013444891233702095 0.009916169467652303
0 0.3566618409027999 0.9326294051703773 0.013444891233702006 0.00991616946765248
0 0.10208779463897341 0.5709438527754691 0.010292617694751715 0.008226335475263547
0 0.4969907861142614 0.8766725183259698 0.01189602800317715 0.010633752471457925
0 0.3448110827884204 0.566781570683697 0.011882391233702095 0.009852502471457924
0 0.8545837288933864 0.4314143454354574 0.015034664772652206 0.01154233646384668
0 0.502734451293951 0.7137414368050389 0.01343125446422686 0.009134919467652302
0 0.34192049310014117 0.08809815517037735 0.012663641233702094 0.009884335969555135
0 0.46509058075982546 0.4803413463868595 0.012650004464226861 0.009103085969555202
0 0.5694913031603901 0.7812592006452034 0.012650004464226861 0.009103085969555025
0 0.7207107041333247 0.9466825652836706 0.014239778003177151 0.010729252965749581
0 0.5701850040538945 0.686823451139495 0.013444891233702095 0.009916169467652303
0 0.6603366712621789 0.6186729704168668 0.014239778003177151 0.010729252965749581
0 0.5713384009696394 0.6634496181356895 0.011087504464227039 0.009039418973360825
0 0.3558379062446452 0.7959743221665718 0.01817330154212753 0.012450920456235437
0 0.2587218039744642 0.42040663638729703 0.014239778003177151 0.010729252965749581
0 0.6510826278377262 0.4910427189339922 0.01108750446422686 0.009039418973360825
0 0.24832582061355574 0.4957103839158391 0.012690914772652384 0.011446835969555025
0 0.3814867426898088 0.7447129111018764 0.01661080154212762 0.012387253460041237
0 0.7810446375769587 0.646231579123835 0.013444891233702095 0.009916169467652303
0 0.4703468709378673 0.5578442638773454 0.01108750446422686 0.009039418973360825
0 0.49555537661991017 0.5260822693145529 0.011855117694751626 0.008290002471457924
0 0.6661811168773821 0.8640491374130612 0.018954551542127617 0.012482753954332538
0 0.6890885572175798 0.9688148918616856 0.013444891233702095 0.00991616946765248
0 0.6028611363591427 0.6803479580595772 0.012650004464226861 0.009103085969555202
0 0.39379800770734247 0.5555058310638203 0.011882391233702095 0.009852502471457924
0 0.18805870210802514 0.3527297050566466 0.01343125446422686 0.009134919467652302
0 0.5048450073036006 0.25321777228030246 0.014267051542127618 0.01229175296574958
0 0.5916667175293007 0.4862796230786053 0.01108750446422686 0.009039418973360825
0 0.49182027069298595 0.759357684333581 0.015007391233702094 0.00997983646384668
0 0.8013104987788887 0.5549354170705565 0.012663641233702094 0.009884335969555024
0 0.6705826501588605 0.5347754728883247 0.012663641233702094 0.009884335969555024
0 0.5918400413925625 0.540935289580508 0.011882391233702095 0.009852502471457924
0 0.5021792978853843 0.6372107703031361 0.012663641233702094 0.009884335969555024
0 0.5411252008902092 0.40849286269848195 0.013472164772652385 0.01147866946765248
0 0.9838150815706044 0.6341957886291059 0.014226141233702094 0.00994800296574958
0 0.3052576590873142 0.5370648957788372 0.00561875446422686 0.008816584486680412
0 0.29799458400623635 0.5234971442959624 0.007921594155801338 0.006568334980971891
0 0.255499166797952 0.5935894684025195 0.006345457386326192 0.005723417984777513
0 0.2257122552717105 0.6314104619767289 0.005550570616851047 0.004910334486680412
0 0.2981406343305479 0.5765903107978653 0.005550570616851047 0.004910334486680412