0 0.6920591932111911 0.2825524879058225 0.010197156615858205 0.007149428668045399
0 0.6447347413175972 0.22607576857895859 0.0039835180521766485 0.013326703333863677
0 0.6430495214700224 0.24718769991250406 0.006299996974937905 0.00866647533418181
0 0.6367495244950844 0.25585417524668574 0.006295451795397966 0.007885225334181812
0 0.5909239400879331 0.2102967745862764 0.003174996974937905 0.008630112667090906
0 0.5177727863989411 0.16193254726291234 0.010260789129415571 0.0180869286680454
0 0.6801252571302787 0.7225053259070953 0.01260453912941557 0.018114200668363622
0 0.530649515419898 0.23130925592777601 0.004737496974937905 0.00864829400063627
0 0.552597238292535 0.21855471725813982 0.0055187469749379044 0.00865738466740904
0 0.5481051810127469 0.18501551125877616 0.007889768052176649 0.01337215666772722
0 0.7358637353656687 0.2726684105665501 0.0039744276930971266 0.011764203333863677
0 0.7779330606976338 0.292490014560823 0.005532382513557366 0.01100113466740904
0 0.7668137535160414 0.3238672838956412 0.006304542154477666 0.009447725334181811
0 0.7109137323406067 0.26436556190327715 0.005523292154477666 0.00943863466740904