0 0.66875 0.28203125 0.00390625 0.00625
0 0.64765625 0.18828125 0.0046875 0.00703125
0 0.640625 0.19296875 0.00390625 0.0078125
0 0.625 0.1984375 0.003125 0.00546875
0 0.61328125 0.21796875 0.0046875 0.0046875
0 0.65234375 0.18125 0.00390625 0.0078125
0 0.63984375 0.17890625 0.00625 0.0046875
0 0.62109375 0.17421875 0.00390625 0.00546875
0 0.54609375 0.11796875 0.0078125 0.01328125
0 0.57421875 0.175 0.009375 0.009375
0 0.615625 0.13671875 0.003125 0.0078125
0 0.60859375 0.15390625 0.003125 0.00625
0 0.5953125 0.17578125 0.00390625 0.0046875
0 0.5859375 0.171875 0.00390625 0.0078125
0 0.61171875 0.17265625 0.0046875 0.00546875
0 0.653125 0.1640625 0.00390625 0.01015625
0 0.67890625 0.1765625 0.00390625 0.00625
0 0.70859375 0.19140625 0.00390625 0.00859375
0 0.7015625 0.18125 0.00390625 0.00390625
0 0.69296875 0.209375 0.00703125 0.01015625