0 0.5060430005646974 0.5748709589935238 0.01056577367752336 0.0073859140651507
0 0.38042137428457296 0.6166814914776615 0.01134702367752336 0.007413195916315907
0 0.3622243821064936 0.540910165161459 0.01134702367752336 0.007413195916316085
0 0.10899150824544361 0.36419393085537355 0.010565773677523316 0.0073859140651505225
0 0.22197954272865933 0.6463838935619125 0.013781778939195188 0.009057541469812237
0 0.24309349246042808 0.36418895245491995 0.012219278939195189 0.009002977767481468
0 0.48148553241707714 0.8626437775051782 0.012128273677523182 0.007440477767481468
0 0.3177925716678545 0.6344617577197302 0.01217377630835923 0.008221727767481469
0 0.5435661163920652 0.6133233345840872 0.01056577367752336 0.0073859140651507
0 0.45195328199355417 0.41926828893792356 0.015480786831702887 0.01145585517214318
0 0.46580367939095313 0.449191401914615 0.013000528939195278 0.009030259618646851
0 0.1975843004094056 0.422693422417853 0.01217377630835923 0.008221727767481469
0 0.5143175031249461 0.4997345497376967 0.00978452367752336 0.007358632213985139
0 0.20947662663306024 0.3256001676085296 0.011438028939195188 0.008975695916315996
0 0.06655483731169569 0.4904216141578178 0.011347023677523316 0.007413195916316085
0 0.10781062691540891 0.6254216075343958 0.01626203683170293 0.011483137023308564
0 0.0893175031249461 0.5145758767716895 0.01061127630835923 0.008167164065150523
0 0.25730936895231393 0.5484721832176263 0.012264781570031058 0.009784227767481469
0 0.48066283994253156 0.47518098304014095 0.01295502630835923 0.008249009618646852
0 0.29224508205002386 0.4840996591710091 0.01056577367752336 0.0073859140651505225
0 0.28980813971665265 0.24482882804548312 0.009693518415851443 0.005796132213985139
0 0.21111066118686309 0.6857464939247322 0.013046031570031147 0.009811509618646852
0 0.27293436895231393 0.5479265461943177 0.00983002630835923 0.00813988221398514
0 0.6281139635918201 0.4333878087233714 0.009739021046687312 0.006577382213985139
0 0.665577624284573 0.6067236158022803 0.01056577367752336 0.0073859140651505225
0 0.14932808190884952 0.34095483829710216 0.01139252630835923 0.008194445916315995
0 0.5585841716396196 0.5964260112631093 0.01056577367752336 0.0073859140651507
0 0.30545844261571986 0.5249602721477006 0.00983002630835923 0.00813988221398514
0 0.5673738846667422 0.45889872941194393 0.010520271046687313 0.006604664065150523
0 0.4661005400272362 0.5645708652541261 0.013918286831702886 0.011401291469812235
0 0.404708013718877 0.5745113496450295 0.013827281570031148 0.009838791469812235
0 0.22627220057881478 0.5994543298595817 0.00978452367752336 0.007358632213985139
0 0.2476235558122518 0.567522283580446 0.01373627630835923 0.008276291469812236
0 0.2793117135212329 0.37150045545014476 0.01056577367752336 0.0073859140651505225
0 0.20982044794797888 0.6008084987340556 0.01139252630835923 0.008194445916316084
0 0.375048418726435 0.3073436970126243 0.009739021046687312 0.006577382213985139
0 0.09917616346476317 0.3185366904740204 0.01061127630835923 0.008167164065150523
0 0.10763007443986475 0.7891567253204107 0.013781778939195188 0.009057541469812237
0 0.4238884661520689 0.3656720629845407 0.01373627630835923 0.008276291469812236
0 0.5894561980891532 0.735686918704838 0.01217377630835923 0.008221727767481469
0 0.6245801689381965 0.5208332450210406 0.01056577367752336 0.0073859140651505225
0 0.022135521329036074 0.2892609074417286 0.015435284200867016 0.010674605172143182
0 0.5255882030684764 0.44008673122604247 0.010656778939195099 0.008948414065150522
0 0.30451205069175424 0.71523060808255 0.014654034200867017 0.01064732332097762
0 0.5353719977220999 0.3524230401190499 0.0122192789391951 0.009002977767481468
0 0.2142712714702104 0.43068697169221365 0.011483531570031059 0.009756945916316085
0 0.34932953995664906 0.4945808021847675 0.0114380289391951 0.008975695916316084
0 0.30023813452556797 0.32009172287334 0.01056577367752336 0.0073859140651505225
0 0.48800417405869406 0.37590766933781017 0.01217377630835923 0.008221727767481379
0 0.30750314490773734 0.16858378657567083 0.01056577367752336 0.007385914065150568
0 0.39903892654835565 0.23009915073348863 0.01134702367752336 0.007413195916315995
0 0.1709707795744797 0.6520634638876653 0.013046031570031058 0.009811509618646852
0 0.300693889857827 0.3925842817663474 0.01212827367752336 0.007440477767481468
0 0.3116152502823487 0.28538934065935484 0.012219278939195189 0.009002977767481468
0 0.4435393554451985 0.17552821262172097 0.01134702367752336 0.007413195916315995
0 0.40499644005547103 0.5963317859426986 0.013918286831702886 0.011401291469812235
0 0.49974125070587166 0.7232266134400277 0.014654034200867017 0.01064732332097762
0 0.6192864532096507 0.5849503087233714 0.010565773677523182 0.0073859140651505225
0 0.12563662179491136 0.7744940245947712 0.01295502630835923 0.008249009618646852
0 0.7428149584713226 0.5790772762392338 0.01139252630835923 0.008194445916316084
0 0.4333012635071155 0.3513094626217209 0.017043286831702885 0.01151041887447395
0 0.12069484769386504 0.337276766790223 0.010520271046687402 0.006604664065150523
0 0.5640444873399305 0.5026760112631093 0.011438028939195276 0.008975695916316084
0 0.3059597005788148 0.596671581040708 0.011438028939195188 0.008975695916316084
0 0.326203582120611 0.5569815984639032 0.012219278939195189 0.009002977767481468
0 0.006602255614607695 0.3685491033580446 0.01221927893919517 0.009002977767481468
0 0.2661221978068046 0.4507068058129645 0.00983002630835923 0.00813988221398514
0 0.22973810579813433 0.5533332980084162 0.011529034200867016 0.010538195916316084
0 0.21093416886760935 0.46121028539454445 0.014699536831702886 0.01142857332097762
0 0.41350543202178897 0.4502380359426986 0.01139252630835923 0.008194445916316084
0 0.7261294454583173 0.7316938447508881 0.010565773677523182 0.0073859140651505225
0 0.483948192686307 0.5927950689749905 0.01056577367752336 0.0073859140651505225
0 0.14466442676011712 0.4611854927436059 0.010565773677523316 0.0073859140651505225
0 0.2500876741292812 0.4582836928362731 0.01217377630835923 0.008221727767481469
0 0.7789043769154089 0.6019864973832932 0.01056577367752336 0.0073859140651505225
0 0.40100907714128786 0.8521998400263826 0.014608531570031147 0.009866073320977619
0 0.09526366623677343 0.46602924936702783 0.013872784200867017 0.010620041469812236
0 0.3813354870575819 0.21278516516145887 0.01056577367752336 0.0073859140651505225
0 0.3086590373258131 0.4967807084453697 0.009875528939195188 0.008921132213985139
0 0.12037226912172316 0.7310168431064256 0.016353042093374803 0.013045637023308566
0 0.3188160163497129 0.5767311032732266 0.01139252630835923 0.008194445916316084
0 0.4798214057840169 0.5297866374866447 0.012310284200867017 0.010565477767481467
0 0.5242546742704555 0.5968451627143881 0.007395271046687313 0.00649553666048881
0 0.35510983212061104 0.5559721699707822 0.012773015785015574 0.005124009618646852
0 0.3468316844408634 0.22958328476157233 0.00983002630835923 0.00813988221398514
0 0.8154158134929979 0.3231521692529921 0.012219278939195277 0.009002977767481468
0 0.5554676059393087 0.6900941657096131 0.01212827367752336 0.007440477767481468
0 0.5613150585136749 0.6298560701561169 0.01529877630835923 0.008330855172143003
0 0.5604350979762137 0.6181918838584476 0.013599768415851443 0.0059325414698122355
0 0.6192794769577612 0.6520013994675443 0.010012036831702886 0.011264882213985139
0 0.6086065584430876 0.5541368183420182 0.011991765785015573 0.005096727767481468
0 0.5595775242422206 0.5659845431142748 0.010429265785015573 0.005042164065150523
0 0.6927624795885972 0.6486556554579941 0.010383763154179704 0.004260914065150523
0 0.6629832453030255 0.5709498069092729 0.012818518415851443 0.005905259618646852
0 0.2429962399707665 0.5131076020921002 0.01056577367752336 0.0073859140651507
0 0.20906856100333643 0.4932415353945444 0.013781778939195188 0.009057541469812237
0 0.26871657678835204 0.486480614705972 0.012082771046687401 0.006659227767481468
0 0.19441452680246943 0.5038888587155222 0.011574536831702975 0.011319445916316085
0 0.21034336369064208 0.551671594287552 0.00744077367752336 0.00727678666048881
0 0.1639457768024694 0.5049528509109739 0.01217377630835923 0.008221727767481469
0 0.12008165571342974 0.4682812301297341 0.00904877630835923 0.008112600362819754
0 0.12015725042352302 0.4402107938320651 0.014426521046687402 0.00674107332097762
0 0.16343681356358522 0.4199875738691318 0.014563028939195189 0.00908482332097762
0 0.1530460741575161 0.49129957867845525 0.011347023677523316 0.007413195916316085
0 0.2962353610598062 0.5494518406593548 0.010520271046687402 0.006604664065150523
0 0.3498385031955332 0.5795460792266095 0.010429265785015573 0.005042164065150523
0 0.34920146636383037 0.5904835792266094 0.012037268415851444 0.0058779777674814685
0 0.3819530531814158 0.5636110551799923 0.012082771046687401 0.006659227767481468
0 0.4500260319229669 0.345267793747247 0.01097529735504672 0.014417164065150524