0 0.73984375 0.34453125 0.01171875 0.00859375
0 0.49375 0.5078125 0.0125 0.00859375
0 0.3671875 0.24453125 0.0140625 0.009375
0 0.828125 0.21875 0.01328125 0.009375
0 0.978125 0.45625 0.0140625 0.009375
0 0.40546875 0.384375 0.01171875 0.0078125
0 0.50703125 0.53515625 0.01328125 0.009375
0 0.83203125 0.53125 0.01171875 0.0078125
0 0.88203125 0.48046875 0.0125 0.0078125
0 0.49140625 0.60703125 0.0109375 0.0078125
0 0.78125 0.5703125 0.0125 0.009375
0 0.85546875 0.371875 0.01640625 0.01171875
0 0.5546875 0.61953125 0.0140625 0.01015625
0 0.67890625 0.596875 0.01171875 0.00859375
0 0.765625 0.53125 0.01328125 0.01015625
0 0.440625 0.38359375 0.01171875 0.00859375
0 0.90546875 0.50546875 0.0109375 0.0078125
0 0.4546875 0.5078125 0.0109375 0.0078125
0 0.68203125 0.66796875 0.0109375 0.00703125
0 0.45625 0.48046875 0.01015625 0.00703125
0 0.4640625 0.5578125 0.01171875 0.009375
0 0.50078125 0.41796875 0.01328125 0.0109375
0 0.340625 0.46875 0.01171875 0.009375
0 0.7640625 0.50703125 0.01328125 0.01015625
0 0.34296875 0.45625 0.0125 0.009375
0 0.63984375 0.33046875 0.01171875 0.00859375
0 0.34453125 0.3921875 0.01171875 0.00703125
0 0.640625 0.4296875 0.0109375 0.00859375
0 0.65390625 0.36953125 0.01171875 0.0078125
0 0.5828125 0.36875 0.0109375 0.0078125
0 0.34609375 0.5453125 0.0109375 0.00703125
0 0.4703125 0.36796875 0.01171875 0.00703125
0 0.41875 0.36875 0.01015625 0.0078125
0 0.54609375 0.63203125 0.01640625 0.0109375
0 0.25078125 0.44375 0.0140625 0.01015625
0 0.6796875 0.49609375 0.0109375 0.0078125
0 0.67734375 0.32109375 0.0109375 0.00703125
0 0.559375 0.41171875 0.01328125 0.009375
0 0.40625 0.5203125 0.009375 0.00625
0 0.60703125 0.67890625 0.0109375 0.00703125
0 0.6078125 0.4453125 0.0125 0.009375
0 0.8703125 0.63125 0.01171875 0.0078125
0 0.87890625 0.52734375 0.01640625 0.01015625
0 0.296875 0.36875 0.0125 0.00859375
0 0.70234375 0.503125 0.0125 0.00859375
0 0.84609375 0.20390625 0.01171875 0.00859375
0 0.728125 0.4796875 0.015625 0.01015625
0 0.74765625 0.3046875 0.01328125 0.00859375
0 0.30078125 0.321875 0.0125 0.009375
0 0.63984375 0.7578125 0.0125 0.009375
0 0.3015625 0.403125 0.0125 0.00859375
0 0.459375 0.40625 0.0109375 0.00703125
0 0.790625 0.340625 0.01328125 0.009375
0 0.47109375 0.11875 0.0125 0.00859375
0 0.55 0.2046875 0.01484375 0.01171875
0 0.696875 0.315625 0.0109375 0.00703125
0 0.51484375 0.43203125 0.01171875 0.00859375
0 0.75625 0.390625 0.01171875 0.0078125
0 0.73984375 0.3921875 0.01171875 0.0078125
0 0.6921875 0.2984375 0.0109375 0.0078125
0 0.5609375 0.3875 0.0125 0.009375
0 0.696875 0.74375 0.0109375 0.00703125
0 0.665625 0.46484375 0.0125 0.00859375
0 0.52578125 0.45625 0.0140625 0.009375
0 0.8921875 0.2671875 0.0125 0.00859375
0 0.540625 0.296875 0.0109375 0.00859375
0 0.97109375 0.6296875 0.0125 0.0078125
0 0.75546875 0.59296875 0.0109375 0.0078125
0 0.91328125 0.615625 0.0140625 0.00859375
0 0.81640625 0.63046875 0.0125 0.009375
0 0.44375 0.628125 0.0125 0.009375
0 0.615625 0.39609375 0.0125 0.009375
0 0.72109375 0.421875 0.01328125 0.009375
0 0.7671875 0.60703125 0.0125 0.00859375
0 0.85234375 0.55390625 0.0125 0.00859375
0 0.7859375 0.4625 0.0109375 0.009375
0 0.659375 0.3890625 0.01171875 0.00859375
0 0.2546875 0.1828125 0.0109375 0.0078125
0 0.234375 0.24296875 0.0109375 0.00703125
0 0.734375 0.62734375 0.0125 0.00859375
0 0.56796875 0.43203125 0.01484375 0.009375
0 0.6453125 0.35390625 0.0109375 0.0078125
0 0.65390625 0.27265625 0.0140625 0.01015625
0 0.9046875 0.44140625 0.0125 0.009375
0 0.6796875 0.5046875 0.01171875 0.0078125
0 0.43203125 0.52265625 0.0109375 0.01015625
0 0.7828125 0.52578125 0.01328125 0.009375
0 0.8171875 0.64296875 0.0125 0.01015625
0 0.178125 0.48671875 0.01328125 0.009375
0 0.309375 0.484375 0.01171875 0.00859375
0 0.559375 0.534375 0.0125 0.00859375
0 0.9625 0.6875 0.0109375 0.009375
0 0.9296875 0.5421875 0.01171875 0.00859375
0 0.4078125 0.4140625 0.01328125 0.00859375
0 0.37890625 0.51484375 0.01171875 0.0078125
0 0.22109375 0.4234375 0.0125 0.009375
0 0.40625 0.47734375 0.0125 0.009375
0 0.85234375 0.52734375 0.01171875 0.00859375
0 0.96015625 0.71015625 0.01328125 0.009375
0 0.965625 0.2609375 0.01484375 0.01015625
0 0.84609375 0.61953125 0.01015625 0.00625
0 0.3921875 0.5171875 0.01171875 0.0078125
0 0.86015625 0.659375 0.01015625 0.00859375
0 0.446875 0.54296875 0.0125 0.00859375
0 0.5125 0.48828125 0.009375 0.00859375
0 0.51640625 0.5546875 0.01484375 0.0109375
0 0.5734375 0.5078125 0.01328125 0.01015625
0 0.1703125 0.53125 0.01328125 0.01015625
0 0.36953125 0.30234375 0.0109375 0.00859375
0 0.403125 0.28828125 0.01328125 0.0078125