0 0.7106769786709639 0.2623568536896902 0.010565773677523182 0.007445085475263546
0 0.6596990366199413 0.20726744707361916 0.00467979472421085 0.013440417490486033
0 0.6593651076525114 0.22842486406981352 0.0067505289391952775 0.008848417984777512
0 0.6536156365917065 0.23727328205459103 0.00670502630835923 0.008067167984777513
0 0.6048372313723871 0.19305770844232564 0.0036255289391952774 0.008721083992388756
0 0.5285330656297238 0.14683130726346202 0.011202810509226247 0.018382585475263547
0 0.7269199598315894 0.7025826056668565 0.013546560509226247 0.018478085969555202
0 0.5458640497741211 0.21582138779580973 0.005188028939195277 0.008784750988583135
0 0.5670110076807463 0.20243004984908822 0.005969278939195277 0.008816584486680412
0 0.5603668945548016 0.1690273008376714 0.00858604472421085 0.013599584980971979
0 0.7538809471009328 0.25119917779624723 0.004588789462538756 0.011877917490486034
0 0.7972515155026668 0.26979266889899867 0.0061057868317028864 0.011160334486680412
0 0.7881341207361039 0.3014883378723594 0.0067960315700311465 0.009629667984777513
0 0.7283804181617377 0.24362409973535745 0.006014781570031147 0.009597834486680413