0 0.7625045578125 0.46651757812500005 0.7581041671875 0.46716162031249997 0.7576751296875 0.4727954109375 0.7626119796874999 0.4728759765625 0.7625045578125 0.46651757812500005
0 0.799744140625 0.4748081046875 0.79555859375 0.47311767656250003 0.7925540359375 0.4773837890625 0.7957734375000001 0.479395996875 0.799744140625 0.4748081046875
0 0.6862005203125 0.43021679687500003 0.6831953125 0.4286875 0.67933203125 0.43295312499999994 0.6828736984375 0.4343217765625 0.6862005203125 0.43021679687500003
0 0.6601217453125 0.43037744218749996 0.656794921875 0.42772167968749997 0.6516432296875 0.431021484375 0.6551848953125 0.4335166015625 0.6601217453125 0.43037744218749996
0 0.703478515625 0.4825346671875 0.69972265625 0.4828569328125 0.7001516921875 0.4880083 0.703908203125 0.4882495109375 0.703478515625 0.4825346671875
0 0.4475625 0.5002788078125 0.4475625 0.4970024421875 0.4471764328125 0.495267578125 0.44576302031250004 0.495267578125 0.4451204421875 0.4947856453125 0.444349609375 0.5002788078125 0.4475625 0.5002788078125
0 0.450646484375 0.4951713875 0.446791015625 0.491701659375 0.44409244843750006 0.49324365312499996 0.44537760468750004 0.4948818359375 0.4471764328125 0.4948818359375 0.4475625 0.4968095703125 0.450646484375 0.4951713875
0 0.4524453125 0.4947856453125 0.453087890625 0.4931474609375 0.45000390625 0.49083447343750003 0.4483333328125 0.4911235359375 0.4479479171875 0.49256884687499997 0.449875 0.49440039062499996 0.4524453125 0.4947856453125
0 0.45218815156250003 0.4947856453125 0.4503893234375 0.4947856453125 0.44743359375 0.496712890625 0.44974674531250003 0.498544434375 0.4536015625 0.496423828125 0.4533444015625 0.4948818359375 0.45218815156250003 0.4947856453125
0 0.411197265625 0.49247265625000003 0.4091412765625 0.4904487296875 0.40438671875 0.4909306640625 0.40464322968750005 0.49362939375000003 0.4082415359375 0.49324365312499996 0.411197265625 0.49247265625000003
0 0.41389518281250004 0.490545409375 0.4115826828125 0.48900341875000003 0.40939778593750004 0.4898706046875 0.411068359375 0.49247265625000003 0.413509765625 0.49247265625000003 0.41389518281250004 0.490545409375
0 0.4168509109375 0.4928583984375 0.41903515625 0.492954590625 0.4208346359375 0.4917978515625 0.42057747343749996 0.4904487296875 0.4182643234375 0.488521484375 0.4174934890625 0.48929248125 0.4133815109375 0.486400878125 0.411068359375 0.48871386718750004 0.4149231765625 0.49102685468749996 0.417236328125 0.491701659375 0.4168509109375 0.4928583984375
0 0.42777343749999996 0.4875576171875 0.43137109375 0.4841845703125 0.42880143281249994 0.48244970625 0.42456119843750006 0.4857265625 0.4255891921875 0.4875576171875 0.42777343749999996 0.4875576171875
0 0.416080078125 0.50394140625 0.415951171875 0.4983515625 0.4149231765625 0.4984477546875 0.4126106765625 0.49912255781250003 0.412353515625 0.50307373125 0.413638671875 0.5040375984375001 0.416080078125 0.50394140625
0 0.4291868484375 0.502591796875 0.4261028640625 0.5006645515625 0.4232760421875 0.5041337890625 0.42700260468750006 0.5058686531250001 0.4291868484375 0.502591796875
0 0.41980664062499995 0.5144458015625 0.42019205781249996 0.5115546875 0.4169791671875 0.5109765625 0.4162083328125 0.512325684375 0.41736523437499995 0.5144458015625 0.41980664062499995 0.5144458015625
0 0.4304720046875 0.5186865234375 0.4281588546875 0.5206137703125 0.42905859375000005 0.5230234375 0.43278515625 0.5206137703125 0.4304720046875 0.5186865234375
0 0.4354830734375 0.523216309375 0.43612565156249994 0.5222524421875 0.4349694015625 0.5209033203125 0.4329134109375 0.5207104484375 0.4293151046875 0.523119628125 0.43278515625 0.5246616203125 0.4354830734375 0.523216309375
0 0.6263046875 0.4862084953125 0.6266901046875 0.486400878125 0.6260475265625 0.488521484375 0.63362890625 0.4881357421875 0.6328580734375 0.484955565625 0.6263046875 0.4862084953125
0 0.7031471359375 0.3555249015625 0.6992916671875 0.353982909375 0.6954368484375 0.3571630859375 0.6985208328125 0.3594760734375 0.7031471359375 0.3555249015625
0 0.5211744796875 0.4674682625 0.5160143234375 0.464005859375 0.5130273437499999 0.46583886718749995 0.5176438796875 0.47001464843749996 0.5200885421875 0.47001464843749996 0.5211744796875 0.4674682625
0 0.5180514328125 0.469811034375 0.5123483078125 0.465635253125 0.5099036453125 0.46583886718749995 0.5099036453125 0.468181153125 0.5157428390625001 0.470931153125 0.5180514328125 0.469811034375
0 0.542494140625 0.4706254875 0.5389635421875 0.469912596875 0.5359759109375 0.47327343749999995 0.5396425781249999 0.47459765625 0.542494140625 0.4706254875
0 0.5632708328125 0.48875390625000004 0.5591966140625 0.48630957031250005 0.5567526046875 0.48855029375000003 0.5591966140625 0.490994628125 0.5617766921875 0.491096190625 0.5632708328125 0.48875390625000004
0 0.3614837234375 0.5074536140625 0.3619544265625 0.510454590625 0.3680729171875 0.508865721875 0.3680729171875 0.5051591796875 0.3614837234375 0.5074536140625
0 0.369720703125 0.5099248046875 0.3673671875 0.5085126953125 0.3643079421875 0.51027783125 0.3657200515625 0.514514159375 0.36924999999999997 0.5131020515625 0.369720703125 0.5099248046875
0 0.35489387968749997 0.45926757812499996 0.35748307343749997 0.4615625 0.36454296875000003 0.45714990312500003 0.36077734375000003 0.454501953125 0.35489387968749997 0.45926757812499996
0 0.363130859375 0.45308984375000005 0.36101302031250004 0.45485498125 0.3661907546875 0.45785595625 0.3673671875 0.45573779375 0.363130859375 0.45308984375000005
0 0.3556002609375 0.44408837968750003 0.3596009109375 0.45026611406250006 0.36360156250000003 0.44832421875 0.359365234375 0.44285253906250005 0.3556002609375 0.44408837968750003
0 0.3567766921875 0.445853515625 0.3551295578125 0.44373535156250005 0.35183463593750003 0.4467358390625 0.3556002609375 0.44903027343749996 0.3572473953125 0.44779492187500003 0.3567766921875 0.445853515625
0 0.3880768234375 0.4467358390625 0.3876067703125 0.44655957031250004 0.3857239578125 0.44938330000000004 0.392078125 0.45220751875 0.394431640625 0.44956005781249997 0.3880768234375 0.4467358390625
0 0.4094928390625 0.4550317375 0.4054921875 0.45697314375 0.4054921875 0.46085644531250003 0.409728515625 0.46085644531250003 0.4094928390625 0.4550317375
0 0.5474342453125 0.5961918953125 0.5419811203125 0.59638671875 0.5396438796874999 0.5989189453125 0.5417213546874999 0.5996977546875 0.5461360671875 0.6000874031250001 0.5474342453125 0.5961918953125
0 0.514453125 0.6065146484375 0.5097786453125 0.605541015625 0.5079609375 0.6080732421875 0.5128951828125 0.6094365234375 0.514453125 0.6065146484375
0 0.6159934890625001 0.6503383796875 0.6110592453125 0.64975390625 0.6071640625 0.6540390625 0.61365625 0.6557919921875001 0.6159934890625001 0.6503383796875
0 0.5375664062500001 0.59911376875 0.5370468749999999 0.60222998125 0.5425006515625 0.60184033125 0.5414615890625 0.59911376875 0.5375664062500001 0.59911376875
0 0.7079251296875 0.7422700203125 0.7081848953125001 0.7399326171875 0.7009134109375 0.737400390625 0.6988359375 0.7391533203125 0.699095703125 0.7405170890624999 0.7079251296875 0.7422700203125
0 0.69935546875 0.7407114265625 0.6959791671875 0.743243653125 0.69935546875 0.7453862296875 0.7035104171875 0.741880371875 0.69935546875 0.7407114265625
0 0.784015625 0.7208452140625 0.7801204421875 0.719287109375 0.7751861984375 0.7237666015625 0.7783020828125 0.726104003125 0.784015625 0.7208452140625
0 0.84816015625 0.7932998046875 0.8419270828125001 0.7895991203125 0.8382916671875 0.7927153312499999 0.8458229171875 0.79583154375 0.84816015625 0.7932998046875
0 0.8411484375 0.7934946296875001 0.8406289062500001 0.7934946296875001 0.8385514328125 0.7952475578125 0.8427063796875001 0.7981689453125 0.8450436203124999 0.7960263671875001 0.8411484375 0.7934946296875001
0 0.6671966140625 0.8958691406250001 0.6676126296875 0.8912939453125001 0.6647005203125 0.890981934375 0.663453125 0.8945175781250001 0.6645618484375 0.89597314375 0.6671966140625 0.8958691406250001
0 0.6637304687500001 0.8918139640625 0.6569361984375 0.8922294921875 0.6563815109375 0.8939975578125001 0.663591796875 0.8939975578125001 0.6637304687500001 0.8918139640625
0 0.663869140625 0.8916059578125 0.6628984375 0.889005859375 0.661234375 0.887134278125 0.6591549484375 0.8874462890625001 0.6580455734374999 0.8878623046874999 0.6595703125 0.8920219734374999 0.663869140625 0.8916059578125
0 0.659708984375 0.8920219734374999 0.6591549484375 0.8904619140625 0.6573522140625 0.8883823234375001 0.6555494796875 0.8893178703125001 0.6565201828125 0.890357909375 0.6567975265625 0.892333496875 0.659708984375 0.8920219734374999
0 0.6533313796875 0.8835986328125 0.6511126296875 0.8842226562500001 0.6555494796875 0.8879663078125001 0.6579069015625 0.885678221875 0.6533313796875 0.8835986328125
0 0.6513899734375 0.8851586906250001 0.649865234375 0.8866142578125 0.6534700515625 0.8900458984374999 0.6561041671875001 0.8883823234375001 0.6513899734375 0.8851586906250001
0 0.7595390625 0.9076201171875 0.7623125 0.9077241203125 0.7625891921875 0.90262890625 0.759955078125 0.9025249015625001 0.758845703125 0.902212890625 0.758845703125 0.9062685546875 0.7595390625 0.9076201171875
0 0.773958984375 0.910427734375 0.7714635421875 0.908764159375 0.7668880203125 0.9118837890625 0.7688287765624999 0.9145874031250001 0.773958984375 0.910427734375
0 0.7639759109375001 0.91136376875 0.7645305984374999 0.9130278328125 0.7661946609375 0.9129238281250001 0.7677194015625 0.9107397468749999 0.7675807296875 0.908764159375 0.7659173171875 0.9079321296874999 0.7648079421875 0.9084521484374999 0.7639759109375001 0.91136376875
0 0.7584296875 0.907100096875 0.7574596359375 0.909180175 0.759955078125 0.9105317375 0.76203515625 0.9079321296874999 0.7584296875 0.907100096875
0 0.54296875 0.5046875 0.01171875 0.00546875
0 0.54921875 0.5171875 0.0078125 0.0046875
0 0.56953125 0.54921875 0.009375 0.00546875
0 0.57734375 0.56484375 0.00703125 0.0046875
0 0.60234375 0.54609375 0.00703125 0.0046875
0 0.6796875 0.55703125 0.00703125 0.00625
0 0.6421875 0.571875 0.01015625 0.00703125
0 0.5578125 0.628125 0.00703125 0.00703125
0 0.48515625 0.63203125 0.00703125 0.0046875
0 0.53125 0.659375 0.00546875 0.00546875
0 0.53046875 0.6734375 0.00859375 0.00390625
0 0.4265625 0.61640625 0.015625 0.00703125
0 0.4359375 0.6125 0.00703125 0.00390625
0 0.3796875 0.609375 0.009375 0.00625
0 0.409375 0.56171875 0.0109375 0.0078125
0 0.428125 0.56015625 0.009375 0.00703125
0 0.4359375 0.72421875 0.0140625 0.01015625
0 0.51484375 0.7171875 0.00703125 0.00703125
0 0.52734375 0.721875 0.0078125 0.00625
0 0.28828125 0.79140625 0.0140625 0.00625
0 0.3671875 0.78046875 0.0125 0.00625
0 0.34765625 0.78203125 0.00859375 0.00625
0 0.31328125 0.7828125 0.00546875 0.00546875
0 0.309375 0.76640625 0.01015625 0.00625
0 0.46015625 0.78671875 0.01171875 0.0078125
0 0.40078125 0.853125 0.0140625 0.00859375
0 0.23125 0.82265625 0.00859375 0.0078125
0 0.215625 0.8234375 0.00859375 0.00546875
0 0.23515625 0.803125 0.0140625 0.00625
0 0.21015625 0.771875 0.01015625 0.0078125
0 0.29765625 0.51015625 0.0109375 0.009375
0 0.27421875 0.54375 0.00859375 0.00703125
0 0.278125 0.55078125 0.01171875 0.00546875
0 0.15 0.52265625 0.01015625 0.0078125
0 0.14140625 0.20078125 0.0125 0.01484375
0 0.19765625 0.16328125 0.01015625 0.009375
0 0.2015625 0.178125 0.00859375 0.00703125
0 0.225 0.18203125 0.0046875 0.01171875
0 0.3140625 0.18203125 0.0046875 0.01015625
0 0.1140625 0.23515625 0.0078125 0.0078125
0 0.20078125 0.278125 0.0140625 0.00703125
0 0.22109375 0.246875 0.01015625 0.00546875
0 0.303125 0.2265625 0.01015625 0.0078125
0 0.33984375 0.22421875 0.01640625 0.01171875
0 0.40703125 0.221875 0.01015625 0.00703125
0 0.38984375 0.2078125 0.009375 0.00625
0 0.38828125 0.1875 0.009375 0.00703125
0 0.44296875 0.17734375 0.00859375 0.0046875
0 0.509375 0.1671875 0.0125 0.00703125
0 0.51953125 0.175 0.0078125 0.0046875
0 0.5390625 0.19140625 0.009375 0.0109375
0 0.44375 0.1453125 0.01015625 0.00703125
0 0.54453125 0.12421875 0.00703125 0.00625
0 0.66875 0.13046875 0.00546875 0.0046875
0 0.78203125 0.18203125 0.00703125 0.00625
0 0.78828125 0.2234375 0.01015625 0.00859375
0 0.759375 0.3046875 0.0109375 0.0078125
0 0.8140625 0.296875 0.009375 0.00859375
0 0.92734375 0.3625 0.009375 0.00703125
0 0.90625 0.36796875 0.01328125 0.0078125
0 0.7875 0.38515625 0.0078125 0.00625
0 0.74140625 0.39453125 0.00859375 0.00703125
0 0.6890625 0.37265625 0.01015625 0.00859375
0 0.91484375 0.42421875 0.01328125 0.009375
0 0.75625 0.44296875 0.01171875 0.0078125
0 0.70703125 0.4578125 0.0140625 0.0078125
0 0.778125 0.4875 0.0125 0.0046875
0 0.73671875 0.471875 0.00625 0.00546875
0 0.85703125 0.521875 0.01015625 0.0078125
0 0.9515625 0.53359375 0.0109375 0.0078125
0 0.98984375 0.52265625 0.0109375 0.00859375
0 0.8046875 0.615625 0.01171875 0.00859375
0 0.696875 0.634375 0.01015625 0.00625
0 0.7375 0.665625 0.01328125 0.00625
0 0.615625 0.6359375 0.009375 0.00546875
0 0.68046875 0.69921875 0.0125 0.00703125
0 0.66015625 0.71796875 0.0171875 0.00625
0 0.7125 0.71015625 0.00703125 0.00390625
0 0.75234375 0.75234375 0.00703125 0.00703125
0 0.6125 0.82265625 0.0125 0.0078125
0 0.6046875 0.80078125 0.0109375 0.0078125
0 0.5953125 0.78671875 0.009375 0.00625
0 0.58828125 0.740625 0.0078125 0.00703125
0 0.7171875 0.875 0.015625 0.0078125
0 0.82109375 0.8703125 0.0140625 0.00859375
0 0.796875 0.91015625 0.01171875 0.0046875
0 0.478125 0.8859375 0.0125 0.0078125
0 0.4515625 0.89453125 0.009375 0.01328125
0 0.321875 0.88515625 0.01171875 0.00546875