0 0.7686795656250001 0.44192251562499996 0.773618290625 0.4418019203125 0.773362875 0.4354478984375 0.768977475 0.4362712421875 0.7686795656250001 0.44192251562499996
0 0.8036652671875 0.4450896875 0.806931503125 0.4469707140625 0.8107954218750001 0.44222102812499997 0.8065705296875001 0.4407011484375 0.8036652671875 0.4450896875
0 0.6894091265625 0.40527246562499997 0.69298265 0.40649680625 0.6962139281249999 0.40225626875 0.6931731250000001 0.400849425 0.6894091265625 0.40527246562499997
0 0.6616753656250001 0.40446905781250003 0.66527510625 0.4068198625 0.6701388921875 0.4034795421875 0.6667502546875 0.40095933749999996 0.6616753656250001 0.40446905781250003
0 0.7115102109375 0.4594793046875 0.7152723359375 0.45956745000000004 0.714709634375 0.4538701140625 0.7109612765625 0.45434541875 0.7115102109375 0.4594793046875
0 0.45663670625 0.4766483765625 0.455993728125 0.4821729484375 0.45920661875 0.4820420328125 0.45913036093750004 0.4787656671875 0.45870391406250005 0.477046534375 0.45729050156250006 0.47710412656249995 0.45663670625 0.4766483765625
0 0.4586949359375 0.4766607921875 0.459125871875 0.47857279531249997 0.46217172656249994 0.47680895 0.4582354984375 0.4734963203125 0.455572821875 0.47514827187500003 0.45689610781249995 0.47673408906250003 0.4586949359375 0.4766607921875
0 0.459412584375 0.47431636718750003 0.461382296875 0.4760693890625 0.4639615765625 0.4763499109375 0.464566025 0.47468554375 0.4614282046875 0.47249821875000003 0.459764359375 0.47285535312500004 0.459412584375 0.47431636718750003
0 0.46515595468750004 0.47794098125 0.46486290468749997 0.4764094671875 0.463704415625 0.476360390625 0.4619055875 0.47643368593749996 0.45899471406250003 0.47848136874999997 0.4613504953125 0.480218659375 0.46515595468750004 0.47794098125
0 0.42265969375 0.4757176515625 0.420556596875 0.4737775 0.41581325625 0.4744531671875 0.41613258125 0.47714144531249997 0.41972190937500004 0.47660908593749995 0.42265969375 0.4757176515625
0 0.42531275468749996 0.4736804734375 0.42296436406250004 0.47223270937499995 0.4207996515625 0.4731889234375 0.42253078750000006 0.47572290468749995 0.42497219375000006 0.47562342500000004 0.42531275468749996 0.4736804734375
0 0.4283223171875 0.475873025 0.43050880156250004 0.47588021718749995 0.43228135781250004 0.4746501546875 0.43199279375 0.4733115109375 0.42963478750000006 0.47147851875 0.4288818984375 0.472280925 0.4247026171875 0.46955687187499995 0.42244330156250004 0.47196411562499996 0.426351953125 0.47412003125 0.42868081093750005 0.47470058125000003 0.4283223171875 0.475873025
0 0.4391214671875 0.47012718593749997 0.4426406140625 0.4666075453125 0.44003057500000003 0.4649773875 0.435866609375 0.46842701875000003 0.43693722187499995 0.4702161859375 0.4391214671875 0.47012718593749997
0 0.4240626859375 0.48627161250000006 0.42537027656250004 0.4871831140625 0.4278094453125 0.4869874421875 0.4275504328125 0.4814028515625 0.42652467656250004 0.48154093124999997 0.4242278828125 0.4823099609375 0.4240626859375 0.48627161250000006
0 0.43500988593749995 0.48688661250000004 0.43877682812499996 0.4884696296875 0.440884803125 0.4851037734375 0.4377559609375 0.483302190625 0.43500988593749995 0.48688661250000004
0 0.4317805 0.4973399921875 0.43209862499999996 0.4944331734375 0.42887227812499995 0.49398596406250006 0.4281328453125 0.49536649375 0.42933909375 0.49743947187500004 0.4317805 0.4973399921875
0 0.4412321 0.5055406390625 0.4449025765625 0.5029791265625 0.4425445671875 0.5011461328125 0.440276275 0.503167634375 0.4412321 0.5055406390625
0 0.4414908484375 0.505626378125 0.444996790625 0.5070269765625001 0.44766106875 0.505471734375 0.44828121249999997 0.504481684375 0.4470935609375 0.5031796749999999 0.44503308124999996 0.503070578125 0.4414908484375 0.505626378125
0 0.637621315625 0.460688534375 0.6380112109375 0.4608652125 0.637417990625 0.46301200312499996 0.6449903921875 0.46231734218750004 0.6441455390625 0.45916857499999997 0.637621315625 0.460688534375
0 0.7037499109375001 0.32882620625 0.7068877312499999 0.33101353125 0.7114220703125 0.3268738515625 0.7075307109375 0.3254889578125 0.7037499109375001 0.32882620625
0 0.532054925 0.44623202968750003 0.5268141796875 0.44297988750000006 0.5238698640624999 0.4449346046875 0.5285835921875 0.44892227656249994 0.5310282546875 0.44882266406250004 0.532054925 0.44623202968750003
0 0.52898640625 0.44870205625 0.5231860890625 0.444758659375 0.520746165625 0.4450618859375 0.5208006828125 0.447404171875 0.5267038828125 0.4499162421875 0.52898640625 0.44870205625
0 0.546991471875 0.4514340921875 0.5506889609375001 0.45260890624999994 0.5534480703125 0.4485205453125 0.5499008796875 0.44795151562499996 0.546991471875 0.4514340921875
0 0.57464670625 0.46580237812499997 0.5705155953125 0.4635240546875 0.5681237390625 0.4658643640625 0.570624640625 0.4682091125 0.5732070828125 0.46820554375 0.57464670625 0.46580237812499997
0 0.3799168984375 0.49386789999999997 0.379830628125 0.4901613578125 0.3732948375 0.49272428125 0.3738353890625 0.495706078125 0.3799168984375 0.49386789999999997
0 0.381589334375 0.49485984062500005 0.3792029515625 0.49354362968750004 0.376184790625 0.4954334203125 0.3776955015625 0.49961220937500006 0.3811925828125 0.4980562671875 0.381589334375 0.49485984062500005
0 0.3751832515625 0.44229591562500004 0.37135599375 0.439801403125 0.3655834515625 0.44480676093750005 0.368226059375 0.44699618125 0.3751832515625 0.44229591562500004
0 0.3768474703125 0.44293482656250005 0.37797460312500003 0.440768728125 0.3736766421875 0.4382933953125 0.3715998875 0.44014482812500005 0.3768474703125 0.44293482656250005
0 0.374036425 0.43350859062499997 0.3696727421875 0.428209528125 0.3659365328125 0.4295987796875 0.3700809703125 0.4356135 0.374036425 0.43350859062499997
0 0.3671540484375 0.4313159796875 0.36545761250000003 0.42926493125 0.362232528125 0.4323996765625 0.36605155625 0.43454067343749997 0.3676699375 0.43323820625 0.3671540484375 0.4313159796875
0 0.39847471562500003 0.43092292031249996 0.398000559375 0.4307658046875 0.3961834703125 0.433666253125 0.402603371875 0.436231559375 0.4048952671875 0.43348820000000005 0.39847471562500003 0.43092292031249996
0 0.416218740625 0.4443339046875 0.42045506875000005 0.44416128749999995 0.42008382031249997 0.43834618281250004 0.41612835625000005 0.44045060312500006 0.416218740625 0.4443339046875
0 0.561310765625 0.5738856593749999 0.555862175 0.5743026796875 0.5535838734375 0.5769301421875 0.555679475 0.5776243015625 0.56010325625 0.5778340640625 0.561310765625 0.5738856593749999
0 0.522114 0.5873754203125 0.527079975 0.588537646875 0.528569909375 0.585552290625 0.52387276875 0.584769128125 0.522114 0.5873754203125
0 0.622386990625 0.6292990234375 0.628919978125 0.630787415625 0.6311302828125 0.6252385687500001 0.6261824359375 0.6248551499999999 0.622386990625 0.6292990234375
0 0.5565086406249999 0.5797351234375 0.5554061171875 0.5770508999999999 0.551510934375 0.577209615625 0.5510639328125 0.5803469984375 0.5565086406249999 0.5797351234375
0 0.72520165625 0.71342428125 0.72540701875 0.7110762937499999 0.7180765953125 0.7088403578125 0.716039921875 0.7106779375000001 0.7163314296875 0.7120311218750001 0.72520165625 0.71342428125
0 0.7167045265625 0.716889678125 0.720777875 0.71321451875 0.71659571875 0.712214875 0.7132783546875 0.714884675 0.7167045265625 0.716889678125
0 0.792032053125 0.692180184375 0.7952023406250001 0.6943906234375 0.8007934828125001 0.688899025 0.7968620359374999 0.6874996375 0.792032053125 0.692180184375
0 0.8567423218749999 0.7585575640625 0.8643461015625 0.7613669015625 0.8666244140625 0.7587399265625 0.86030520625 0.7552932203125 0.8567423218749999 0.7585575640625
0 0.8596172296875 0.7592204578125 0.8590976984375001 0.7592416265625 0.8570610249999999 0.7610792046875 0.8612839687499999 0.7638312921875 0.8635713390624999 0.761593478125 0.8596172296875 0.7592204578125
0 0.6880482 0.8686829625 0.6883577265625 0.8640908156249999 0.6854383546875 0.8638974640624999 0.684273253125 0.8674839343749999 0.6854158546875 0.8688943234375 0.6880482 0.8686829625
0 0.677189534375 0.8672520609375001 0.6843998203125 0.8669582640625 0.68448766875 0.8647690203125 0.6777030703125 0.8654613937500001 0.677189534375 0.8672520609375001
0 0.6787107984375 0.8610490015625001 0.6803323546875 0.8651465421875001 0.6846215 0.8645553625 0.683590278125 0.8619948171875 0.6818826546875 0.8601910421875001 0.679810490625 0.8605877828124999 0.6787107984375 0.8610490015625001
0 0.67724349375 0.8636067625000001 0.67756681875 0.8655710484375 0.6804710265625 0.8651408921874999 0.6798806796875 0.8636034078125 0.6780295421875 0.8615972734374999 0.6762485828125 0.8626062765625001 0.67724349375 0.8636067625000001
0 0.676217125 0.8612547140625001 0.678521290625 0.8588705703124999 0.673897365625 0.85697741875 0.671693140625 0.8576918499999999 0.676217125 0.8612547140625001
0 0.6741861 0.8634190343749999 0.6767814953125 0.8616481265625 0.6719922703125001 0.8586165828125001 0.6705014109375 0.8601342781250001 0.6741861 0.8634190343749999
0 0.779844940625 0.8712922984375 0.7799393375 0.8753479625 0.7806641546875001 0.876671271875 0.7834400140625 0.876662265625 0.7835981125 0.8715557781250001 0.780961578125 0.8715591046875 0.779844940625 0.8712922984375
0 0.7881123515625 0.880635496875 0.790116034375 0.8832600312500001 0.795149425 0.8788913218750001 0.7926152625 0.8773294281249999 0.7881123515625 0.880635496875
0 0.7889171046875 0.879457578125 0.78873245 0.877487640625 0.787049671875 0.876723390625 0.7859524 0.8772886124999999 0.7851881374999999 0.8802341359374999 0.7857815578125 0.8818755984375001 0.7874431984375 0.8817037875 0.7889171046875 0.879457578125
0 0.7811479390625 0.8795659406249999 0.7831675109375 0.8768815765625 0.7795426765625 0.8761964546875 0.7786210390625 0.8783160593750001 0.7811479390625 0.8795659406249999
0 0.5547154819513198 0.482563218822449 0.011846036569131968 0.005946252471457925
0 0.5612564226807644 0.4948085508376714 0.007921602773541637 0.00500583498097189
0 0.5823144582999658 0.5260121298871443 0.009502286569131968 0.005850751977166268
0 0.5904906342117713 0.5413187949061723 0.007140352773541636 0.00497400148287479
0 0.6150542231176046 0.521550122967062 0.007140352773541636 0.00497400148287479
0 0.6926525462558685 0.5293361066554396 0.0071767203647223 0.006536501482874613
0 0.6554980383720839 0.5457078645641051 0.010319904160312632 0.007445085475263546
0 0.5724322716545839 0.6053958823586022 0.0071949041603124545 0.0073177514828747904
0 0.49986694063253523 0.6122626476816414 0.007140352773541636 0.00497400148287479
0 0.546597123478195 0.6377282212939068 0.005596036569131968 0.0056915844866804125
0 0.54614318179882 0.6518225547920041 0.008684668977951305 0.0042564184790691685
0 0.4409095147207297 0.5990251600389311 0.015788654160312453 0.007667919961943959
0 0.4501935957427783 0.5947369080617648 0.007122168977951304 0.00419275148287479
0 0.3938708605604172 0.5939039199247629 0.00952047036472221 0.006632001977166268
0 0.42244914902941016 0.5450379969970693 0.011119337955902786 0.008258168973360824
0 0.4411627814382296 0.5427114930427367 0.009538654160312632 0.007413251977166269
0 0.4527938785121881 0.7064556580617648 0.014298889342673603 0.010729252965749581
0 0.5315364743518757 0.696209224753948 0.0071949041603126315 0.0073177514828747904
0 0.5441455771254173 0.7003873887843929 0.0079579703647223 0.006568334980972068
0 0.30670143493295204 0.7796596892021348 0.0142079703647223 0.006823002965749581
0 0.3853531117946881 0.765507005894318 0.012645470364722211 0.006759335969555025
0 0.3658582293858687 0.7678653433467479 0.008739220364722211 0.006600168479069168
0 0.331501413181459 0.7700472672630245 0.005596036569131968 0.0056915844866804125
0 0.32721330347406313 0.7538001847535105 0.010301720364722211 0.006663835475263546
0 0.4784673321594104 0.7679688196207517 0.011900587955902786 0.008290002471457924
0 0.420637954784584 0.8367944154761385 0.014262521751492941 0.009166752965749581
0 0.2503975367565632 0.8132335345632301 0.008775587955902785 0.008162668479069168
0 0.23479072055215347 0.8146514545251741 0.008721036569131969 0.005818918479069168
0 0.2538491918668062 0.793543117072744 0.0142079703647223 0.006823002965749581
0 0.2281218400431951 0.7633117890118544 0.010338087955902787 0.008226335475263547
0 0.30953026852045185 0.4980276872249684 0.011155705547083361 0.009820668973360824
0 0.2868746717308338 0.5325764421678842 0.008757404160312543 0.007381418479069169
0 0.2909445758911463 0.5394485246773983 0.011846036569131968 0.005946252471457925
0 0.16216495924989627 0.5165442183653385 0.010338087955902787 0.008226335475263547
0 0.14607948546670155 0.1950193868444076 0.012845492116215284 0.015353085969555114
0 0.20145666327836817 0.15522737498140948 0.01037445554708336 0.009788835475263546
0 0.20570840539458352 0.1699119574909235 0.008757404160312454 0.007381418479069169
0 0.2292368243725349 0.17286320254800763 0.00496025693385409 0.011909750988583179
0 0.3182993243725349 0.16923418376492733 0.004923889342673604 0.01034725098858318
0 0.1195358224726738 0.23050855927780942 0.007994337955902786 0.008130834980971979
0 0.20725468123013915 0.2699437909890207 0.014226154160312454 0.007604252965749581
0 0.226839829406528 0.23786612003849358 0.010283536569131968 0.0058825854752635465
0 0.30839830072118074 0.21421110273828808 0.010338087955902787 0.008226335475263547
0 0.3450624993344099 0.21037117832771984 0.01667900693385409 0.012387253460041058
0 0.41219544794763907 0.20528974749136103 0.010319904160312454 0.007445085475263546
0 0.39468063962701405 0.19192758444949934 0.00952047036472221 0.006632001977166358
0 0.3926453609416668 0.17167875144569372 0.009538654160312543 0.007413251977166357
0 0.44709647159899324 0.15929415657889 0.008702852773541636 0.005037668479069168
0 0.5132663322563196 0.14643205924062838 0.012663654160312454 0.007540585969555114
0 0.5236044202122223 0.15383072376536483 0.007921602773541637 0.00500583498097198
0 0.5435175299196182 0.16944113631293495 0.009629573138263936 0.011319501977166357
0 0.44713218597979176 0.12723107308079282 0.010319904160312454 0.007445085475263546
0 0.5474224734988542 0.10203080182625457 0.0071767203647223 0.0065365014828747455
0 0.6717866938635766 0.10321927562880044 0.0055778527735416365 0.004910334486680368
0 0.7862680743725349 0.15016591840470705 0.0071767203647223 0.006536501482874791
0 0.7934818155388197 0.1913175004199295 0.010356271751493118 0.009007585475263546
0 0.7664666802802086 0.2737453398495257 0.011119337955902786 0.008258168973360736
0 0.8209723423243058 0.263704494982722 0.009575021751493296 0.008975751977166357
0 0.9357810311538891 0.32471363775862866 0.009538654160312632 0.007413251977166357
0 0.914814567723021 0.33104189220725294 0.013463087955902609 0.008353669467652303
0 0.7964646112260072 0.3530680839180267 0.007957970364722122 0.006568334980971979
0 0.7505890667730906 0.36432126030576123 0.008757404160312454 0.007381418479069169
0 0.6977361704965628 0.34457910467827335 0.010356271751493118 0.009007585475263546
0 0.9247175510055211 0.3869417237281838 0.013499455547083272 0.009916169467652303
0 0.7665602120996879 0.4121539238419145 0.011900587955902786 0.008290002471457924
0 0.7176869542159031 0.42900318422203776 0.014244337955902787 0.00838550296574958
0 0.7894716884483337 0.45579383589519307 0.012609102773541636 0.005196835969555202
0 0.7477017625365281 0.44185601129434443 0.006377286569131968 0.005723417984777513
0 0.8691780254543058 0.4869536525873762 0.010338087955902608 0.008226335475263547
0 0.96398203238816 0.49482054931761554 0.011119337955902609 0.008258168973360824
0 0.9982199741870748 0.48232320791085304 0.003560051625850491 0.009039418973360825
0 0.8190163309251393 0.5828364969598884 0.011918771751493296 0.009071252471457925
0 0.7116402420193062 0.6059795196973015 0.0103017203647223 0.006663835475263546
0 0.7529925938429173 0.6355741777962473 0.0134267203647223 0.006791169467652303
0 0.6304266096104867 0.6108527034994097 0.009502286569131968 0.005850751977166268
0 0.6967432470532993 0.6714917731573425 0.012663654160312631 0.007540585969555025
0 0.6768671581474658 0.6910694441078696 0.0173329703647223 0.006950336958138337
0 0.729029070191563 0.6811240997353575 0.007122168977951304 0.00419275148287479
0 0.7698547451534381 0.7216880913324004 0.0071949041603126315 0.007317751482874613
0 0.6316475367565632 0.7976987874917986 0.012681837955902785 0.008321835969555203
0 0.6233258904800354 0.7761421224727705 0.011119337955902786 0.008258168973360824
0 0.6136235821594104 0.7624616244499368 0.0095204703647223 0.006632001977166268
0 0.605519488219584 0.7166543759328116 0.007976154160312632 0.0073495849809720685
0 0.7375533510611119 0.8457768487467743 0.015806837955902785 0.008449169961944137
0 0.84135049828757 0.8368554934998473 0.014262521751493295 0.009166752965749581
0 0.8180591218626743 0.8776860819408604 0.011827852773541637 0.005165002471457925
0 0.49874542419937573 0.8664553991645162 0.012681837955902785 0.008321835969555024
0 0.4723829459508688 0.8761314880998208 0.009684124525034754 0.01366325197716627
0 0.34247724040378547 0.8720408487839553 0.011846036569131968 0.0059462524714582795