0 0.56796875 0.73046875 0.009375 0.00625
0 0.48046875 0.80703125 0.00546875 0.0078125
0 0.49296875 0.46796875 0.0046875 0.00703125
0 0.46484375 0.753125 0.00625 0.00703125
0 0.46640625 0.66640625 0.0046875 0.00859375
0 0.5015625 0.30703125 0.00546875 0.0078125
0 0.54296875 0.3125 0.00546875 0.00625
0 0.51796875 0.30234375 0.00625 0.00625
0 0.509375 0.3265625 0.00390625 0.009375
0 0.4875 0.2546875 0.00546875 0.00859375
0 0.63046875 0.21875 0.0046875 0.0109375
0 0.62734375 0.2484375 0.00625 0.00859375
0 0.5921875 0.29921875 0.00546875 0.00625
0 0.49609375 0.2125 0.0109375 0.0140625
0 0.525 0.48359375 0.00625 0.00703125
0 0.628125 0.7046875 0.00546875 0.009375
0 0.5 0.8328125 0.00703125 0.00703125
0 0.46796875 0.74296875 0.00546875 0.009375
0 0.3453125 0.578125 0.0046875 0.00546875
0 0.47109375 0.2265625 0.0046875 0.00703125