0 0.4815850796875 0.44440778593749997 0.4755402859375 0.44098232499999995 0.4732910296875 0.44276871250000005 0.47292129843749997 0.443913440625 0.477085571875 0.44769782031250005 0.4815850796875 0.44440778593749997
0 0.4306099546875 0.485459921875 0.43476929999999997 0.48839713281249997 0.4403891625 0.4833672 0.4373636484375 0.48123066718749996 0.4306099546875 0.485459921875
0 0.514455621875 0.46312101875 0.5186133265625 0.46577600625000004 0.524604559375 0.4598830828125 0.5200830421875 0.45950224375 0.514455621875 0.46312101875
0 0.392762640625 0.46747303906250004 0.39010017656249996 0.46438643281249997 0.387941146875 0.46545168906249995 0.38761368281249997 0.466250375 0.3904213546875 0.4691112859375 0.392762640625 0.46747303906250004
0 0.387618171875 0.46702185781249994 0.3862965578125 0.467075709375 0.38467938749999997 0.4669208484375 0.3838081328125 0.4687194625 0.38632155 0.4713716078125 0.38955267031249996 0.47123995 0.38954113437500004 0.46925704062499995 0.387618171875 0.46702185781249994
0 0.3948263203125 0.468711040625 0.39232508906249997 0.4680417796875 0.390130296875 0.469563678125 0.38925776875 0.4710317 0.391904203125 0.471474778125 0.3948263203125 0.468711040625
0 0.5182884671875 0.4787752296875 0.5138694 0.4767516453125 0.5122682671875001 0.4792412890625 0.5169822359375 0.48147312343750004 0.5187414 0.4808505328125 0.5182884671875 0.4787752296875
0 0.6029704765624999 0.46430695312500003 0.6064997109375 0.46482395 0.605885546875 0.4603317921875 0.603389440625 0.46054338906250003 0.6029704765624999 0.46430695312500003
0 0.6041330625 0.48728750156249995 0.606945859375 0.491029271875 0.6097375046875 0.49113578750000003 0.6107558953125001 0.48933117812500004 0.606918940625 0.4864023171875 0.6051604171875 0.48713526093750004 0.6041330625 0.48728750156249995
0 0.589728825 0.5365744484375 0.5900121921875 0.5348002765625 0.5872237484375 0.535244053125 0.584008640625 0.5382399953125 0.586808628125 0.5396682625 0.589728825 0.5365744484375
0 0.5869589578125 0.5403234265625 0.59019136875 0.54030160625 0.5932548468750001 0.536651040625 0.5907523343750001 0.5357615640625 0.5869589578125 0.5403234265625
0 0.611037878125 0.537799928125 0.6115924328125 0.5321578359375 0.607481725 0.5326559796875 0.6072227125 0.538616184375 0.6101659781250001 0.539487703125 0.611037878125 0.537799928125
0 0.633204715625 0.5350232078125 0.6270393000000001 0.535825340625 0.6273521453125 0.5391180640625 0.6321965890625 0.5384801343750001 0.63380156875 0.5366516234375001 0.633204715625 0.5350232078125
0 0.6365836125000001 0.53499590625 0.6401230921875001 0.5373859765625 0.6433516484374999 0.5368134 0.6442254671875001 0.5354557046874999 0.6387739203125 0.5327030109375 0.637019240625 0.5340966 0.6365836125000001 0.53499590625
0 0.656581934375 0.5382576859375 0.6595175109375 0.5378074265625 0.658905278125 0.53353545625 0.6564104578125 0.53396775625 0.656581934375 0.5382576859375
0 0.6460512828125 0.5462891640625 0.6492817640624999 0.5460476437499999 0.6494019828125001 0.5414151828125 0.646466403125 0.54186495625 0.6460512828125 0.5462891640625
0 0.6158492578125 0.556775415625 0.6177722203125 0.559010596875 0.6224528640625 0.5555144046875 0.6199484203125001 0.554404740625 0.6158492578125 0.556775415625
0 0.627414575 0.5751450546875 0.6323894890624999 0.571636871875 0.62988313125 0.5700862625 0.62490373125 0.57282345 0.6249139828125 0.5745856578125 0.627414575 0.5751450546875
0 0.6534145234375 0.5746365499999999 0.6542992390625 0.5751514140625 0.6546050343750001 0.5772322234375 0.6620952796874999 0.5768171296875 0.6613436015625 0.5738729328125001 0.6534145234375 0.5746365499999999
0 0.5686758578125 0.5540700234375 0.572193546875 0.5527144875000001 0.57011576875 0.5490531453124999 0.5668865609375 0.5496252593750001 0.5686758578125 0.5540700234375
0 0.3951751375 0.5960502515625 0.3995373 0.59232235 0.397601265625 0.5910859859375 0.39253334375 0.594053884375 0.392544053125 0.5958947046875 0.3951751375 0.5960502515625
0 0.3969429265625 0.5984768593750001 0.402354990625 0.5944429328124999 0.39936610625 0.5931180875 0.39429883593750004 0.5960859578125 0.3951881421875 0.5982856046875 0.3969429265625 0.5984768593750001
0 0.4245722328125 0.585778975 0.4275419921875 0.5838167078125001 0.42401853906250003 0.5809356359375 0.4219234375 0.5824676359375001 0.4245722328125 0.585778975
0 0.38964607500000004 0.61008350625 0.39315499374999996 0.6104665312499999 0.3938278671875 0.6055737031249999 0.390496375 0.605578071875 0.38964607500000004 0.61008350625
0 0.3706419140625 0.6286110953125 0.37412559375 0.6246557421875 0.3711365984375 0.623199525 0.368170659375 0.6258185265625 0.368711234375 0.6282951390625 0.3706419140625 0.6286110953125
0 0.42799474843749996 0.6014201124999999 0.423244846875 0.5987203921875001 0.42132716718749996 0.6006393 0.42520306406249997 0.6037692578125 0.4280077515625 0.6036549765625 0.42799474843749996 0.6014201124999999
0 0.328077740625 0.5757709953125 0.3268574125 0.57700459375 0.325452009375 0.57653585625 0.32387759531250004 0.5771260125000001 0.323180246875 0.577811809375 0.326884184375 0.58160615625 0.325129284375 0.5812830375 0.32514381718749996 0.583781084375 0.32689795 0.5839723671875 0.3290037609375 0.5842811859375 0.3309436203125 0.5861747796875 0.3347919765625 0.5845713390625 0.334945690625 0.58088305 0.33053675781249997 0.5764600468750001 0.328954809375 0.5758671234375 0.328077740625 0.5757709953125
0 0.3093931328125 0.5888941515624999 0.31221847187499996 0.5923296734375 0.3146737765625 0.5924923859375 0.31676658281250003 0.590565853125 0.3135925125 0.5874077859375 0.31009200937500003 0.58847105 0.3093931328125 0.5888941515624999
0 0.6308669265625 0.4515234578125 0.6343590171875 0.44901390625 0.6292565625 0.4459344140625 0.6273396499999999 0.44798515937500005 0.6308669265625 0.4515234578125
0 0.609603975 0.4434473078125 0.6145167687499999 0.44403637656250006 0.613614459375 0.43960186874999996 0.6109849015625 0.439709015625 0.609603975 0.4434473078125
0 0.5718937562499999 0.44130185781250003 0.5673205171875 0.438858184375 0.5655794984375 0.4410331390625 0.56857220625 0.44301520937500005 0.570499828125 0.44280528593749996 0.5718937562499999 0.44130185781250003
0 0.6871920375 0.4284505109375 0.6840188453125 0.42555516718749997 0.6810451453125 0.42672834374999996 0.6840502078124999 0.43094579218750007 0.686503103125 0.430582596875 0.6871920375 0.4284505109375
0 0.61844846875 0.42664894531249997 0.6152844562500001 0.4253312375 0.6131878265624999 0.4266005421875 0.614610821875 0.4300932046875 0.617764125 0.42957009218750003 0.61844846875 0.42664894531249997
0 0.22459197031250003 0.5600479328125 0.22133655624999998 0.5590260109375 0.21537475625 0.5633739109375 0.21367108906249999 0.564469453125 0.216077653125 0.566552084375 0.22459197031250003 0.5600479328125
0 0.2110947921875 0.5626501453125 0.21367258281249998 0.5647262890625 0.2197982375 0.5592166515625 0.2172234359375 0.5576541796875001 0.2110947921875 0.5626501453125
0 0.1748251234375 0.5613060625 0.1794296234375 0.5589372625 0.174277778125 0.555427065625 0.171891453125 0.5569352796875 0.1748251234375 0.5613060625
0 0.038518359375 0.7457047718750001 0.0426786796875 0.74489203125 0.0431550171875 0.742483384375 0.041675881250000005 0.7409817609375 0.040203809374999996 0.74058265 0.038980803125000005 0.7409079390625 0.038518359375 0.7457047718750001
0 0.041850234375 0.7497955953125001 0.042067234375 0.745008765625 0.0391299171875 0.7454957265625 0.038761546875000004 0.7454189171875 0.0389128 0.750374378125 0.041850234375 0.7497955953125001
0 0.05030982656250001 0.7720534171875 0.047725384375 0.7699536124999999 0.0461329375 0.7700185 0.0454037921875 0.7710591921875001 0.045536340625 0.7727993234375 0.048364621875 0.7746137359375 0.049836275 0.7748292265625001 0.05030982656250001 0.7720534171875
0 0.153369640625 0.819216321875 0.1491076484375 0.823708390625 0.1503418765625 0.8253118140625 0.1549780046875 0.8219991171875 0.154846521875 0.82044209375 0.153369640625 0.819216321875
0 0.1465268328125 0.8223434765625001 0.148863390625 0.8238101640625001 0.1525175609375 0.8201697171875001 0.15067497968750002 0.8193261203125 0.1465268328125 0.8223434765625001
0 0.41454766093749995 0.1634524890625 0.41657494218749996 0.1654861078125 0.42098414531249995 0.16122491249999998 0.4189612578125 0.15994666562499998 0.41454766093749995 0.1634524890625
0 0.41717559375 0.164856996875 0.4204125109375 0.1668413265625 0.42341595468750004 0.16339345156250001 0.4205864265625 0.162148071875 0.41717559375 0.164856996875
0 0.4203782203125 0.160947284375 0.4240051734375 0.160799496875 0.4239823125 0.156869809375 0.42136076093749997 0.1566743125 0.4203782203125 0.160947284375
0 0.4236074546875 0.1617226578125 0.428040396875 0.16154202812500001 0.42821408281249995 0.156697378125 0.42438618593750005 0.15700475625000002 0.4236074546875 0.1617226578125
0 0.42015529375 0.15732806562499999 0.42801138125 0.15655472343750002 0.427394903125 0.15446313125 0.4199400546875 0.15491829375 0.42015529375 0.15732806562499999
0 0.4288215390625 0.157126346875 0.432651421875 0.157272609375 0.4326373546875 0.154854640625 0.42959411562499994 0.151350340625 0.4277794359375 0.15127336875 0.4271816515625 0.15250699843749999 0.4288215390625 0.157126346875
0 0.5264275765625 0.131532265625 0.5252080390625 0.1297675640625 0.5227962265625 0.13092419375 0.522820846875 0.135156128125 0.5266469828125 0.134546503125 0.5264275765625 0.131532265625
0 0.5221946984375 0.1314024265625 0.5256057578125 0.1288444046875 0.5219647375 0.1265742234375 0.5185495062500001 0.1285272890625 0.5221946984375 0.1314024265625
0 0.525591690625 0.1264264359375 0.528029653125 0.1296525921875 0.53044146875 0.12849645 0.5304273984375001 0.1260779921875 0.527790021875 0.1231622796875 0.525174628125 0.1240248875 0.525591690625 0.1264264359375
0 0.534063146875 0.127441925 0.535660178125 0.12480690624999999 0.5306065890625 0.122291475 0.528393959375 0.12298626875 0.534063146875 0.127441925
0 0.49784416500367357 0.41497381220637786 0.010973861436318445 0.006695668973360824
0 0.4423208728491959 0.4078589905712787 0.012545451795397965 0.008321835969555024
0 0.4868612132082754 0.4076069811797387 0.019576701795397965 0.008608337452429993
0 0.49852542105379777 0.3977544787082807 0.006295451795398144 0.008067167984777513
0 0.43595724336070063 0.38858240855605636 0.009406816256778684 0.005850751977166358
0 0.3774089451560987 0.39878242091334604 0.011773292154477666 0.009852502471457924
0 0.3930793969514968 0.4059582509514021 0.012540906615858294 0.007540585969555025
0 0.5382373608471432 0.3734747203053237 0.006295451795397966 0.008067167984777513
0 0.5437651981811609 0.38340813581864336 0.005496021077238922 0.004910334486680412
0 0.5586089481811608 0.3828032993547966 0.009411361436318443 0.006632001977166358
0 0.589949851771957 0.3971549594309088 0.005500566256778683 0.0056915844866804125
0 0.5524862132082754 0.4049329673395742 0.008634656615858206 0.007381418479069169
0 0.5259873457218328 0.4169528062748789 0.007839771077238922 0.005005834980972068
0 0.5408356409013726 0.41712921981103224 0.010964771077238922 0.005133168973360825
0 0.4440015475172309 0.42810782357508437 0.007835225897699161 0.004224584980972068
0 0.39713563787631045 0.4315803334609162 0.010188066256778682 0.0058825854752635465
0 0.3673345083878153 0.4132587563886096 0.005486930718159222 0.003347834486680412
0 0.3377379119786114 0.43009342931630296 0.006277271077238833 0.004942167984777512
0 0.35349926736480575 0.4528942593543592 0.007839771077238922 0.005005834980972068
0 0.3645822131100796 0.47744859038099835 0.007839771077238832 0.00500583498097189
0 0.409885622751 0.474039747491361 0.009406816256778684 0.005850751977166268
0 0.41775266490547763 0.48309641251038904 0.006277271077238922 0.004942167984777512
0 0.4303344781371942 0.49664957654083397 0.010964771077238922 0.005133168973360825
0 0.424942996189371 0.5101536610275142 0.007049430718159222 0.0034115014828747904
0 0.5286947100850174 0.4793573057805872 0.0062818162567786825 0.005723417984777513
0 0.530339023316734 0.4933561387843929 0.008630111436318444 0.006600168479069168
0 0.5729668848512484 0.4330115463890471 0.007067611436318444 0.006536501482874791
0 0.6146049390077787 0.47116812098989574 0.006290906615858205 0.007285917984777512
0 0.5702009540348932 0.49485763038143593 0.007853406615858205 0.0073495849809720685
0 0.6361663216195318 0.4163705330431743 0.006286361436318444 0.006504667984777513
0 0.4818197100850175 0.48126731566641895 0.007848861436318444 0.006568334980972068
0 0.48871005951928337 0.45676206418354426 0.007853406615858205 0.007349584980971891
0 0.014749342991358263 0.25180258053234766 0.010982951795398089 0.008258168973360736
0 0.03622943325224202 0.3173493260837234 0.014098861436318466 0.006823002965749581
0 0.05547888212077386 0.2681159886312935 0.010206246974937905 0.009007585475263546
0 0.06107489714788852 0.28976815414461315 0.010201701795398099 0.008226335475263547
0 0.07553685206654456 0.22353831768076643 0.0062863614363184665 0.006504667984777513
0 0.28619761699546337 0.3016938566926207 0.010992042154477666 0.009820668973360735
0 0.17704480991206686 0.21002496292813094 0.019594882513557323 0.011733337452429904
0 0.27613227058625955 0.3177326921678843 0.010992042154477666 0.009820668973360735
0 0.269800457354543 0.30392486015266185 0.009415906615858205 0.007413251977166357
0 0.307632255460949 0.35942810224399646 0.009429542154477666 0.009757001977166358
0 0.2935333940246306 0.353751105209746 0.010210792154477667 0.009788835475263546
0 0.22922947862817358 0.18054836855561884 0.012554542154477665 0.009884335969555114
0 0.15422038826909393 0.18204188437294963 0.009411361436318443 0.006632001977166358
0 0.33960844242562416 0.21434109532391427 0.012540906615858294 0.007540585969555114
0 0.24774365017295058 0.2735661980993833 0.010978406615858204 0.007476918973360824
0 0.2673658037637468 0.2883953606469535 0.010973861436318445 0.006695668973360736
0 0.3921158188890573 0.24033325095140215 0.009438632513557366 0.011319501977166357
0 0.39380103873663214 0.2613633339552077 0.010987496974937904 0.009039418973360736
0 0.3892180778660478 0.27952308494379097 0.015693177693097127 0.012355419961943958
0 0.31286465612487896 0.31858026775731607 0.011768746974937905 0.009071252471457925
0 0.3363566982793567 0.32700026281440026 0.009420451795398143 0.008194501977166268
0 0.326382255460949 0.3586640982896638 0.013317611436318443 0.006791169467652303
0 0.34437373135864807 0.36183817783342825 0.008643746974937905 0.008943918479069168
0 0.32631862294739167 0.3477265982896638 0.013322156615858293 0.007572419467652303
0 0.36207431576579935 0.31501225737719274 0.014902837334017515 0.010761086463846681
0 0.4870419786281735 0.17004331418354424 0.011777837334017605 0.010633752471457925
0 0.5925198189872531 0.16730829194042282 0.011764201795397966 0.008290002471457924
0 0.4212129664297293 0.2719679115218059 0.008643746974937905 0.008943918479069168
0 0.4017453489432866 0.28370124897423576 0.007867042154477666 0.009693334980971979
0 0.3879146530998169 0.3241180019399853 0.012563632513557365 0.011446835969555202
0 0.4135913639704013 0.3050987465027778 0.017242042154477843 0.010075336958138337
0 0.36857884582002864 0.3585075893924152 0.013335792154477666 0.009916169467652303
0 0.4661532825883121 0.34046590213026573 0.007880677693097127 0.01203708498097189
0 0.5011595416634984 0.3132521447158919 0.012586358411256349 0.015353085969555202
0 0.5518635236113216 0.2979017173395742 0.011777837334017605 0.010633752471457925
0 0.5570095658639952 0.24221013285289378 0.014893746974937904 0.009198586463846681
0 0.6304788821207739 0.24468653403175739 0.018032382513557366 0.011669670456235437
0 0.6039572887366321 0.2528001229670621 0.009420451795398143 0.008194501977166358
0 0.6555425146343312 0.25460536209264717 0.010964771077238922 0.005133168973360735
0 0.6836402435570923 0.2487718561611481 0.016447156615858206 0.007699753460041059
0 0.6518044362773041 0.28367077958313314 0.013349427693097127 0.012259919467652303
0 0.616770906124879 0.30619703699750694 0.010992042154477666 0.009820668973360735
0 0.5817055597156752 0.32325454441188073 0.007862496974937905 0.00891208498097198
0 0.5449549934588965 0.31928196882244897 0.007072156615858205 0.0073177514828747904
0 0.5091356681269316 0.34105880973492 0.009415906615858205 0.007413251977166357
0 0.5068373699223295 0.3489668102292115 0.0062727258976991605 0.004160917984777512
0 0.5232072584860111 0.3420483067691705 0.006277271077238922 0.004942167984777512
0 0.4975169120768073 0.3587238122063779 0.006277271077238922 0.004942167984777512
0 0.3128055687908614 0.3084240177573161 0.006277271077238833 0.004942167984777601
0 0.5540703973442802 0.1399618833471854 0.010987496974937904 0.009039418973360736
0 0.5586624485739442 0.12336463235860225 0.0062818162567786825 0.005723417984777557
0 0.6662163942210222 0.20884719311928643 0.008625566256778683 0.005818918479069168
0 0.7088407523376911 0.41653501772013507 0.008630111436318444 0.006600168479069168
0 0.7303657735131257 0.3554874297734136 0.0062818162567786825 0.005723417984777513
0 0.7736208698241338 0.40295533737806777 0.009402271077238922 0.005069501977166269
0 0.748094149878363 0.44775584281527525 0.011755111436318444 0.006727502471457925
0 0.9047107467785462 0.10144989270154454 0.007862496974937728 0.00891208498097198
0 0.8622783279642438 0.1953882350968903 0.007072156615858205 0.0073177514828747904
0 0.9356976472460843 0.1892708862757539 0.010964771077238922 0.005133168973360735
0 0.8021675297596417 0.2056519144503744 0.007067611436318444 0.006536501482874791
0 0.871722026538188 0.3411318166178211 0.006299996974937727 0.008848417984777512
0 0.9224260084860111 0.3257813892415034 0.00861647589769916 0.0042564184790691685
0 0.9407492824901162 0.38598671878526786 0.005496021077238922 0.004910334486680412
0 0.9134964360809125 0.40272589121866975 0.009411361436318799 0.006632001977166446
0 0.8750970114128773 0.38397323262543237 0.007058521077238566 0.00497400148287479
0 0.8727078096174793 0.37625623311972395 0.0062818162567786825 0.005723417984777513
0 0.7717407281371942 0.4827383378723594 0.008621021077238921 0.005037668479069168
0 0.8030043636758137 0.4838087479484715 0.007839771077238922 0.005005834980972068
0 0.8297441256778662 0.5131951590131669 0.009411361436318443 0.006632001977166268
0 0.7320833304983264 0.5163930962753163 0.007844316256778682 0.005787084980972068
0 0.6827645865484506 0.5012111066554397 0.009402271077238922 0.005069501977166269
0 0.6057253635776177 0.556706372967062 0.007848861436318444 0.006568334980971891
0 0.6226628787029284 0.5130372860089237 0.008630111436318444 0.006600168479069168
0 0.6398503787029283 0.5123369490507855 0.007076701795397966 0.008099001482874613
0 0.7275185503459012 0.5376778472638996 0.007835225897699161 0.0042245849809718905
0 0.7804117461893709 0.49566941939329023 0.007063066256778683 0.00575525148287479
0 0.7540037822937246 0.5233142583285948 0.0093931807181594 0.0035070019771662685
0 0.7503656978865733 0.5695671758190809 0.008621021077238921 0.005037668479069168
0 0.6995799027070333 0.5708551031953986 0.0062727258976991605 0.004160917984777512
0 0.6815566105525557 0.5622122736516341 0.00861647589769916 0.0042564184790691685
0 0.016902716331533417 0.3533014135361533 0.009397725897699044 0.004288251977166357
0 0.11426405054229297 0.432947809772101 0.010197156615858294 0.007445085475263546
0 0.007369155928487229 0.46074649901141684 0.006299996974937899 0.008848417984777512
0 0.12244016490547768 0.4951294747911291 0.014871021077238833 0.005292336463846681
0 0.22545153541698246 0.47139620304229923 0.011759656615858293 0.007508752471457924
0 0.2239617582896194 0.4839598700384936 0.007844316256778682 0.005787084980972068
0 0.22020549921443305 0.5099002875289796 0.009415906615858205 0.007413251977166269
0 0.27775892398066404 0.46301335866978705 0.010210792154477667 0.009788835475263546
0 0.15276346916020378 0.46888796836533847 0.007067611436318444 0.006536501482874613
0 0.08035720403489328 0.5148172336883776 0.011741475897699027 0.004383752471457924
0 0.06889298408912256 0.5590447361598356 0.0117642017953981 0.008290002471457924
0 0.02300831234795378 0.5968604125475702 0.012540906615858282 0.007540585969555025
0 0.24669982152133593 0.4970991985936749 0.013317611436318443 0.006791169467652481
0 0.25625208352338846 0.5271859466165086 0.014103406615858294 0.007604252965749581
0 0.2328645804983264 0.5367347015594245 0.005505111436318444 0.006472834486680412
0 0.24231230337096338 0.5488526995822581 0.007835225897698982 0.0042245849809718905
0 0.23922820998682162 0.5560112835746469 0.012540906615858294 0.007540585969555025
0 0.16520944788657319 0.5934104658938805 0.010197156615858294 0.007445085475263546
0 0.14814518861499518 0.7496113863501159 0.008634656615858294 0.007381418479069169
0 0.11073609220579135 0.7667643942587814 0.007839771077238832 0.005005834980972068
0 0.09054631205336619 0.7886858152093085 0.01018806625677866 0.0058825854752635465
0 0.11398381205336619 0.7877308102663927 0.008639201795398099 0.008162668479069168
0 0.11253039636232161 0.806544477262587 0.009411361436318443 0.006632001977166268
0 0.11661793266306683 0.7032284762740038 0.008634656615858294 0.007381418479069169
0 0.06589122481754453 0.7146726536503215 0.005496021077238855 0.004910334486680412
0 0.10566277282575473 0.8349559787454617 0.007853406615858293 0.007349584980971713
0 0.10969628785286938 0.8566718112549758 0.010964771077238833 0.005133168973360825
0 0.14713720051885187 0.8449875533463104 0.008630111436318444 0.006600168479069168
0 0.17822811923495854 0.8163704634224225 0.009402271077238834 0.005069501977166624
0 0.19526562831014488 0.7898888764642843 0.008630111436318444 0.006600168479069168
0 0.1980502607255063 0.8655746259699926 0.010982951795398054 0.008258168973360824
0 0.1840241221618248 0.8723976289357422 0.010973861436318488 0.006695668973360824
0 0.19346729985492192 0.8837343769585757 0.010197156615858294 0.007445085475263369
0 0.21427015836437416 0.8328748725099515 0.011755111436318444 0.006727502471457925
0 0.25636220959403816 0.814749613612703 0.006299996974937905 0.008848417984777512
0 0.26036845354391397 0.831777946122217 0.007853406615858293 0.0073495849809720685
0 0.2854639023142499 0.8471655241831068 0.014126132513557366 0.01151050296574958
0 0.3047997095940381 0.8127759367306769 0.014112496974937905 0.009166752965749226
0 0.3390383542078439 0.7879377628144002 0.009415906615858293 0.007413251977166269
0 0.34382130297817987 0.8041530118258169 0.009420451795398143 0.008194501977166624
0 0.3686440409761273 0.7726655898867067 0.010201701795398144 0.008226335475263547
0 0.32364061318483434 0.827636932776344 0.009406816256778684 0.005850751977166624
0 0.33852526980069264 0.8340633463124973 0.010978406615858204 0.007476918973360824
0 0.2729906525106417 0.7179555266545646 0.011773292154477666 0.009852502471457924
0 0.5151014053393121 0.829212725742531 0.013340337334017604 0.01069741946765248
0 0.40875036962774197 0.5475409144875554 0.0078306807181594 0.003443334980972068
0 0.41891570998682165 0.5486895790122919 0.004728406615858205 0.007222250988583134
0 0.4252020714231401 0.5546849110275144 0.004719316256778683 0.005659750988583312
0 0.3330236617822197 0.5600037638029833 0.007848861436318444 0.006568334980972068
0 0.43463161357761776 0.5636779090503479 0.005505111436318444 0.006472834486680412
0 0.4588912701934761 0.5697223206093349 0.010964771077238922 0.005133168973360825
0 0.5002338876799188 0.5570976452101835 0.007848861436318444 0.006568334980971891
0 0.48541286357761776 0.5616087316740301 0.008625566256778683 0.005818918479069168
0 0.41456909845230727 0.607474330000875 0.007067611436318444 0.006536501482874613
0 0.4427940924021831 0.623515824069376 0.007067611436318444 0.006536501482874613
0 0.4575333032727674 0.6049422376055292 0.013313066256778684 0.006009919467652303
0 0.4896372761454044 0.6161370641835442 0.008630111436318444 0.006600168479069168
0 0.5176895532727676 0.6024910582520452 0.007853406615858205 0.0073495849809720685
0 0.5356583032727674 0.6017588877958098 0.010192611436318444 0.006663835475263546
0 0.5092185231203423 0.6239349767311143 0.010197156615858205 0.007445085475263546
0 0.49204011347942184 0.6261978136892526 0.011759656615858205 0.007508752471457924
0 0.5753566075274936 0.5751353793928526 0.009420451795398143 0.008194501977166268
0 0.5722816045024315 0.5838564633852414 0.007848861436318444 0.006568334980971891
0 0.5637514870159889 0.5951441318643107 0.011768746974937905 0.009071252471457925
0 0.5568793182998821 0.6227743833471855 0.008643746974937905 0.008943918479069168
0 0.5670492038385015 0.6247042978719219 0.010215337334017605 0.010570085475263547
0 0.6146872731203423 0.619637454487993 0.010987496974937904 0.009039418973360825
0 0.6459509086589618 0.6207078645641051 0.007844316256778682 0.00578708498097189
0 0.6670355682998821 0.6182858601154808 0.009402271077238922 0.005069501977166269
0 0.6436662459929792 0.6309596150583967 0.007862496974937905 0.008912084980972068