0 0.15008777830571343 0.7915249455488821 0.0117642017953981 0.007880677693097127
0 0.5292314194034777 0.4843452672666098 0.010982951795397966 0.007876132513557366
0 0.09157584153743 0.7771215570833965 0.010197156615858271 0.007090337334017605
0 0.4094036909716959 0.8031901951560986 0.008652837334017605 0.010206246974937726
0 0.4133872090238727 0.7899316710537978 0.005536927693097127 0.011750566256778682
0 0.4533667935292199 0.9011055203898678 0.006277271077238922 0.004723861436318444
0 0.424978693996758 0.8118748487468949 0.005514201795397966 0.007844316256778682
0 0.4386483677810302 0.2080276860809124 0.0055187469749377275 0.008625566256778683
0 0.7914718232888616 0.6647832427715255 0.0063136325135573655 0.010973861436318445
0 0.7623655853891099 0.6989900711285525 0.011836924668035032 0.020380677693097128
0 0.6068671026557197 0.16603614968197128 0.007094882513557365 0.010978406615858294