0 0.74585756533855 0.33592238856623186 0.011868754464227037 0.008730110001590852
0 0.5026139001588605 0.5020671985996394 0.012650004464227038 0.008739200668363622
0 0.37145580884572815 0.24025863661682045 0.014226141233702094 0.009538632001908987
0 0.8319432954530477 0.20911389322091428 0.013444891233702095 0.009529541335136305
0 0.9860888733734992 0.4448684852005516 0.014226141233702094 0.009538632001908987
0 0.41217804058178353 0.3796569439449571 0.011855117694751626 0.007948860001590851
0 0.5163724370904914 0.5292564072645032 0.013444891233702095 0.009529541335136216
0 0.8413042532431156 0.5215684398870507 0.011855117694751626 0.007948860001590851
0 0.8904178632272295 0.47020538721359645 0.012636367694751982 0.007957950668363623
0 0.502002019882207 0.6013132205999576 0.011073867694751627 0.00793976933481808
0 0.7912048417168741 0.5612218332272777 0.012663641233702094 0.009520450668363623
0 0.8619598522701809 0.361920719883869 0.01661080154212762 0.01190965400222721
0 0.5655014581938098 0.6130768765913671 0.014239778003177151 0.010319882001908986
0 0.6893247418790299 0.5889752105745043 0.01186875446422686 0.008730110001590852
0 0.7748980032431156 0.522341146562732 0.01345852800317715 0.010310791335136215
0 0.4473206538123085 0.37846661394018455 0.01186875446422686 0.008730110001590852
0 0.914291739850435 0.49493266721041473 0.011073867694751627 0.00793976933481808
0 0.46355140015886054 0.5025217319382755 0.011073867694751627 0.00793976933481808
0 0.6936906879012703 0.6600325979074133 0.011060230925276571 0.007158519334818081
0 0.4646366132272295 0.47515980060473006 0.01027898092527657 0.007149428668045488
0 0.4737991534052714 0.552412643937003 0.011882391233702095 0.009511360001590852
0 0.5080769216692159 0.41214163259868497 0.013472164772652385 0.011092041335136216
0 0.34880706168510195 0.46478646928709305 0.011882391233702095 0.009511360001590852
0 0.7729127633893853 0.4981405778962776 0.01345852800317715 0.010310791335136215
0 0.3509326233734993 0.45225919728677494 0.012663641233702094 0.009520450668363623
0 0.6456121034879969 0.32302349391314034 0.01186875446422686 0.008730110001590852
0 0.35137690827653534 0.38817851595322944 0.01184148092527657 0.007167610001590852
0 0.6481252232113435 0.4222331532463676 0.01108750446422686 0.008721019334818081
0 0.6603564419617554 0.36192236191123134 0.011855117694751626 0.007948860001590851
0 0.5892490551922803 0.3619683625875491 0.011073867694751627 0.00793976933481808
0 0.35561221509366864 0.541285334619684 0.011060230925276571 0.007158519334818081
0 0.4767354184228051 0.3624961686028211 0.01184148092527657 0.007167610001590852
0 0.4251865551922803 0.36387740260982077 0.010292617694751626 0.00793067866804531
0 0.5571258965054124 0.625676873925867 0.016597164772652384 0.011128404002227121
0 0.2585269350618965 0.4408318959659561 0.014239778003177151 0.010319882001908986
0 0.6883468486167329 0.48818486990773147 0.011073867694751627 0.00793976933481808
0 0.6829484622542948 0.3132121419080497 0.011060230925276571 0.007158519334818081
0 0.5665615775134146 0.40520983259073073 0.013444891233702095 0.009529541335136216
0 0.4153320884704632 0.5155853532781844 0.009484094155801337 0.006359088001272539
0 0.6188816026739227 0.6718428019175947 0.011060230925276571 0.007158519334818081
0 0.6155854586008469 0.438239961250822 0.012663641233702094 0.009520450668363623
0 0.8813310097359374 0.6211229972151873 0.011855117694751626 0.007948860001590851
0 0.8881110693957398 0.5171167498806873 0.01658352800317715 0.010347154002227299
0 0.3033115551922802 0.3652955466263655 0.012650004464226861 0.008739200668363622
0 0.7111258295420095 0.49495249057132257 0.012650004464226861 0.008739200668363622
0 0.8496529468330195 0.19406105788514166 0.011868754464227037 0.008730110001590852
0 0.7364979764577544 0.47121499856782273 0.01580227800317715 0.01033806333545435
0 0.7529745900953163 0.2959877318985047 0.01343125446422686 0.008748291335136216
0 0.30639959902377 0.3183750932925019 0.012663641233702094 0.009520450668363534
0 0.6530714163909149 0.7503672439131404 0.012663641233702094 0.009520450668363623
0 0.3085990730491877 0.39961600262572916 0.012650004464226861 0.008739200668363534
0 0.46646612012708843 0.4009046879376393 0.011060230925276571 0.007158519334818081
0 0.796570631491174 0.33142524522600497 0.013444891233702095 0.009529541335136216
0 0.47316653896022587 0.1132683279360484 0.012650004464226861 0.008739200668363579
0 0.5535728336024945 0.19828767059200342 0.015048301542127617 0.011891472668681713
0 0.7023842548679686 0.3075161252387316 0.011060230925276571 0.007158519334818081
0 0.522384883519769 0.4260405005967759 0.01186875446422686 0.008730110001590852
0 0.7630683847375851 0.38182523456400475 0.011855117694751626 0.007948860001590851
0 0.7466894082765354 0.38357863856623187 0.011855117694751626 0.007948860001590851
0 0.697396745939515 0.29038316923936797 0.011073867694751627 0.00793976933481808
0 0.5677013376596843 0.3809729012571853 0.012663641233702094 0.009520450668363534
0 0.7098572045403618 0.7356411252387316 0.011060230925276571 0.007158519334818081
0 0.6737388778377261 0.45709850190964046 0.012650004464226861 0.008739200668363622
0 0.5337451233734993 0.45013198126195786 0.014226141233702094 0.009538632001908987
0 0.8968512751605082 0.256805958545551 0.012650004464227038 0.008739200668363534
0 0.5458069724005645 0.2905842585932761 0.01108750446422686 0.008721019334818081
0 0.982084986196987 0.618387801201506 0.012636367694751627 0.007957950668363623
0 0.7658190580316541 0.5841780752307775 0.011073867694751627 0.00793976933481808
0 0.9240270243464341 0.6049980105426875 0.014212504464227038 0.008757382001908986
0 0.8274111229664622 0.6209690032225051 0.012663641233702094 0.009520450668363623
0 0.45471396265803665 0.6229615012730937 0.012663641233702094 0.009520450668363623
0 0.6225388421239112 0.38893030458309474 0.012663641233702094 0.009520450668363534
0 0.7284576055165918 0.4134843145687773 0.013444891233702095 0.009529541335136216
0 0.777783269882207 0.5981042152291867 0.012650004464226861 0.008739200668363622
0 0.8620122195578954 0.5439883325509598 0.012650004464227038 0.008739200668363622
0 0.7940104675293006 0.45335478922664124 0.011101141233702094 0.00950226933481808
0 0.6661661111986347 0.3813899772438223 0.01186875446422686 0.008730110001590852
0 0.25787850405718976 0.1798489426320925 0.011073867694751716 0.007939769334818126
0 0.23861603530677788 0.24024154996818328 0.011060230925276571 0.007158519334818081
0 0.7453253258885615 0.6187985232336409 0.012650004464226861 0.008739200668363622
0 0.575509883519769 0.4254223352562308 0.015007391233702094 0.009547722668681757
0 0.651489956572252 0.3463973592457313 0.011073867694751627 0.00793976933481808
0 0.6586654825468343 0.26504736191123135 0.014239778003177151 0.010319882001908986
0 0.912392274753471 0.4308792578771875 0.012663641233702094 0.009520450668363623
0 0.6884968530809598 0.4967786199077315 0.011855117694751626 0.007948860001590851
0 0.44115424877888876 0.5176291112746846 0.01111477800317715 0.010283519334818081
0 0.7919900458567894 0.5166724018937321 0.013444891233702095 0.009529541335136216
0 0.828410561278065 0.6334599125557323 0.01267727800317715 0.010301700668363622
0 0.1866207073830309 0.48464607797581927 0.013444891233702006 0.009529541335136216
0 0.3178297970746054 0.48077509595800194 0.01186875446422686 0.008730110001590852
0 0.5687025503210162 0.5278660825907308 0.012650004464226861 0.008739200668363622
0 0.9745003571381495 0.676300298536006 0.011101141233702094 0.00950226933481808
0 0.9391514180157678 0.5313696065404604 0.011868754464227037 0.008730110001590852
0 0.41503998782184015 0.40931717194463885 0.01343125446422686 0.008748291335136216
0 0.387892881084137 0.5104347766152296 0.011855117694751716 0.007948860001590674
0 0.22848487905554213 0.4208648413033195 0.012663641233702005 0.009520450668363623
0 0.4145820661493289 0.4726166032781844 0.012663641233702094 0.009520450668363623
0 0.8615485693957396 0.5174258325509599 0.011868754464227037 0.008730110001590852
0 0.9725520734529296 0.6989838205363241 0.013444891233702095 0.009529541335136216
0 0.9701796810047068 0.24970143586891513 0.01502102800317715 0.010328972668681758
0 0.8569077081938097 0.6096860578851416 0.01026534415580116 0.006368178668045487
0 0.40121504139256253 0.5126239852800933 0.011855117694751626 0.007948860001590851
0 0.8716656834370436 0.6493661758832326 0.010306254464227038 0.008711928668045488
0 0.4563525547852431 0.5377688886060028 0.012650004464226861 0.008739200668363622
0 0.5210229809219812 0.48231777259709413 0.00952500446422686 0.008702838001272539
0 0.5260883563273706 0.5486785692632304 0.015034664772652384 0.011110222668681757
0 0.5823014001588606 0.5011399505888218 0.01345852800317715 0.010310791335136215
0 0.1795855032431156 0.5292682346435464 0.013458528003177239 0.010310791335136215
0 0.37480867978689075 0.29804386461650234 0.01108750446422686 0.008721019334818081
0 0.4081569679363378 0.2835904659452752 0.013417617694751627 0.007967041335136215