0 0.6074982558870144 0.6336827084423257 0.006486389342673604 0.010410917984777512
0 0.5868155478713891 0.28262954441188076 0.0056142203647223 0.006472834486680412
0 0.5354771323119103 0.5967358067691705 0.004942073138263936 0.011128500988583135
0 0.2808246934823268 0.5414248601526619 0.004851154160312454 0.007222250988583134
0 0.47211400218420146 0.12543115114168255 0.0048875217514929405 0.008784750988583178
0 0.45687086189159737 0.14247407110362648 0.004905705547083273 0.009566000988583179
0 0.4819981484607293 0.14692414916451618 0.005796058320624908 0.014285334486680368
0 0.4880117591180557 0.13651323117973863 0.004851154160312632 0.007222250988583178
0 0.4869395683886113 0.12404506467783585 0.0032704703647223 0.006377333992388756
0 0.47156979473725713 0.16924481813787695 0.00659549211621524 0.015098417984777601
0 0.48501469889756965 0.1757348986702246 0.015189242116215241 0.01544858646384668
0 0.49804137575930574 0.16425622920257227 0.004905705547083273 0.009566000988583179
0 0.5112680743725349 0.16137130973491995 0.006486389342673604 0.010410917984777602
0 0.4337600170018404 0.12386599254844514 0.012790940729444422 0.013009335969555114
0 0.46410278685347245 0.1844069031188489 0.006468205547083272 0.009629667984777556
0 0.47845622758291684 0.19633390015309937 0.004905705547083273 0.009566000988583179
0 0.49079322663298636 0.22241889768164141 0.007976154160312632 0.007349584980971891
0 0.49900511692559046 0.20566247920257225 0.004887521751493118 0.008784750988583135
0 0.44386367524621556 0.22198515756747322 0.007249455547083272 0.00966150148287479
0 0.4632676386770835 0.2157205701150433 0.006431837955902786 0.008067167984777513