0 0.4788860671875 0.4639208984375 0.47286262968750004 0.46025 0.47060351562499997 0.46194433593750006 0.4702272140625 0.46307373125 0.47436848906250006 0.46702685468749994 0.4788860671875 0.4639208984375
0 0.4374733078125 0.5011928718750001 0.43446093750000003 0.49893359375 0.4276842453125 0.50288671875 0.4318255203125 0.505992675 0.4374733078125 0.5011928718750001
0 0.5218053390625 0.4811450203125 0.517287109375 0.48058007812500003 0.5116399734375 0.48396875 0.5157812500000001 0.48679248125 0.5218053390625 0.4811450203125
0 0.3899505203125 0.4833623046875 0.387306640625 0.48016796875 0.3851419265625 0.4811450203125 0.3848098953125 0.48193017656250003 0.3876002609375 0.4849047859375 0.3899505203125 0.4833623046875
0 0.38348828125 0.4869975578125 0.3867194015625 0.4869975578125 0.3867194015625 0.48501464843750003 0.3848098953125 0.482701659375 0.38348828125 0.482701659375 0.3818723953125 0.48248095625 0.3809908859375 0.4842436515625 0.38348828125 0.4869975578125
0 0.3920065109375 0.48468408125 0.389509765625 0.48391308593750004 0.387306640625 0.48534521406250003 0.38642578125 0.48677734375000004 0.3890690109375 0.487328125 0.3920065109375 0.48468408125
0 0.515380859375 0.499775390625 0.510974609375 0.497572265625 0.5093593750000001 0.49999609375 0.5140592453124999 0.5024194328125 0.5158216140625 0.5018686531250001 0.515380859375 0.499775390625
0 0.603064453125 0.4849047859375 0.6005677078125 0.48501464843750003 0.600126953125 0.488760253125 0.60365234375 0.48942089843750003 0.603064453125 0.4849047859375
0 0.606736328125 0.5158583984375 0.6077649734375 0.514095703125 0.6039459640625 0.5110112296875 0.60218359375 0.5116723624999999 0.6011555984375 0.511782715625 0.6039459640625 0.515638184375 0.606736328125 0.5158583984375
0 0.5864680984375 0.5604711921875001 0.5867617187499999 0.558708984375 0.5839713546875 0.5590390625 0.5807395828125 0.5619033203125 0.5835305984375 0.5634453125000001 0.5864680984375 0.5604711921875001
0 0.5899928390625 0.5606914062499999 0.58749609375 0.5597001953125 0.5836770828125 0.5641064453125 0.5869088546875 0.564216309375 0.5899928390625 0.5606914062499999
0 0.6077649734375 0.562564453125 0.6083522140625 0.5569462890625 0.6042395828125 0.55727685625 0.6039459640625 0.563225096875 0.6068834640625 0.564216309375 0.6077649734375 0.562564453125
0 0.6299427078125001 0.5606914062499999 0.6237740890625 0.5612421875 0.6240677078125 0.564546875 0.6289147140625 0.5641064453125 0.6305299484375 0.5623437499999999 0.6299427078125001 0.5606914062499999
0 0.6400768234374999 0.56289453125 0.6409583328124999 0.5615727546875 0.6355240890625 0.5585986328125 0.63376171875 0.5599204109375 0.6333209640625 0.5608017578125 0.636845703125 0.5633354500000001 0.6400768234374999 0.56289453125
0 0.6556458328125 0.5602509765625 0.6531490890625 0.5605815421875 0.6532955734375 0.564877440625 0.6562330734375 0.564546875 0.6556458328125 0.5602509765625
0 0.6460989578125 0.5677416984375 0.6431614578125 0.568071778125 0.642720703125 0.5724780265625 0.6459518234375 0.5723681640625 0.6460989578125 0.5677416984375
0 0.61907421875 0.5807397453124999 0.6165768234375 0.5795283203125 0.61246484375 0.5817314453125 0.6143743484375 0.5840444328125 0.61907421875 0.5807397453124999
0 0.6239205734375 0.6005678703124999 0.6289147140625 0.5972631828125 0.62641796875 0.5956108390625 0.621423828125 0.59814453125 0.621423828125 0.5999067390625 0.6239205734375 0.6005678703124999
0 0.6499173171875 0.6011186515625 0.650798828125 0.601669434375 0.6510924484375 0.6037622078125 0.6585833328125 0.60365234375 0.6578489578125 0.6006782234375 0.6499173171875 0.6011186515625
0 0.566787109375 0.57214795 0.5635553390625 0.5725883796875 0.565318359375 0.57710498125 0.5688430984374999 0.5758930671875 0.566787109375 0.57214795
0 0.3916145828125 0.6120073234375 0.3959973953125 0.6084580078124999 0.3940690109375 0.6071430671875 0.3889850265625 0.609903809375 0.3889850265625 0.6117446296875 0.3916145828125 0.6120073234375
0 0.3933678390625 0.6145053703125 0.39880208281249996 0.610692871875 0.3958216140625 0.6092465828125 0.39073828125 0.6120073234375 0.3916145828125 0.6142426765625 0.3933678390625 0.6145053703125
0 0.42053906249999995 0.5980712890625 0.41843554687499995 0.5995175781250001 0.42106445312499996 0.6029360359375 0.42404492187500004 0.6010952140625 0.42053906249999995 0.5980712890625
0 0.3902122390625 0.6214736328125 0.3868815109375 0.6213422859375 0.3860052078125 0.6258120125 0.3895110671875 0.626337890625 0.3902122390625 0.6214736328125
0 0.3668977859375 0.643561034375 0.37040364531250003 0.639748534375 0.367423828125 0.6381708984375 0.364443359375 0.64066845625 0.3649694015625 0.643166503125 0.3668977859375 0.643561034375
0 0.4243951828125 0.618712890625 0.41966210937500004 0.6158203125 0.4177337234375 0.6176606453125 0.42159049531250004 0.6209477546875 0.4243951828125 0.6209477546875 0.4243951828125 0.618712890625
0 0.32342382812500003 0.5947846671875 0.3216712234375 0.5943901359375 0.3216712234375 0.5968881828125 0.32342382812500003 0.597150878125 0.32552734375000003 0.597545409375 0.3274557296875 0.5995175781250001 0.3313125 0.5980712890625 0.3314876296875 0.5943901359375 0.32710546875 0.5897885734375 0.32552734375000003 0.589131346875 0.3246510421875 0.5889995109374999 0.32342382812500003 0.5901831046875 0.322021484375 0.5896572265625 0.3204440109375 0.5901831046875 0.3197428390625 0.59084033125 0.32342382812500003 0.5947846671875
0 0.31115299531249996 0.6051708984374999 0.3132565109375 0.6033300781250001 0.3101015625 0.60004345625 0.306595703125 0.6009638671875 0.30589453125 0.6013583984374999 0.30869921875 0.604908203125 0.31115299531249996 0.6051708984374999
0 0.626513671875 0.47146289062499996 0.6245852859375 0.473435059375 0.6280911453125 0.4771162109375 0.6315970046875 0.4747495125 0.626513671875 0.47146289062499996
0 0.610912109375 0.4644946296875 0.6082825515625 0.4644946296875 0.6068802078125 0.46817578125 0.6117884109375 0.46896484374999997 0.610912109375 0.4644946296875
0 0.5691914062500001 0.4644946296875 0.5646334640624999 0.461865234375 0.5628802078125 0.46396875 0.5658606765624999 0.466072265625 0.5677890624999999 0.46594091718749997 0.5691914062500001 0.4644946296875
0 0.684537109375 0.4563432609375 0.6813815109375 0.45331933593749996 0.6784016921875 0.45437109375 0.6813815109375 0.45870996093749994 0.6838359374999999 0.4584467765625 0.684537109375 0.4563432609375
0 0.6158203125 0.4517417 0.6126647140625 0.4502954109375 0.6105611984375 0.4514790046875 0.6119635421875 0.4550288078125 0.615119140625 0.4546342765625 0.6158203125 0.4517417
0 0.22128125 0.569064453125 0.21803255156249998 0.56791015625 0.21204687500000002 0.572014159375 0.21033723906250001 0.5730400390625 0.21273112031250002 0.5752202140625 0.22128125 0.569064453125
0 0.21649348906250002 0.5680380859375 0.2139283859375 0.56637109375 0.2077721359375 0.5711162109375 0.21033723906250001 0.573296875 0.21649348906250002 0.5680380859375
0 0.17100585937499999 0.5623950203125 0.168611328125 0.5638056640625 0.1715188796875 0.568294921875 0.1761360671875 0.5661142578125 0.17100585937499999 0.5623950203125
0 0.038826171874999996 0.7440654296875 0.037356120312500005 0.74250390625 0.035886718750000005 0.742044921875 0.034662109375 0.7423203125 0.034171875000000004 0.74709716875 0.0383359375 0.7464541015624999 0.038826171874999996 0.7440654296875
0 0.0374791671875 0.7513227546875 0.0377239578125 0.7465458984375 0.0347845046875 0.7469130859375 0.0344166671875 0.7468212890625 0.0345390625 0.7517817375 0.0374791671875 0.7513227546875
0 0.041030598437499996 0.7744711921875 0.04384765625 0.776400390625 0.045317707812500004 0.77667578125 0.0458072921875 0.7739199218749999 0.0432356765625 0.77171533125 0.0416432296875 0.77171533125 0.040908203125 0.7727260734375 0.041030598437499996 0.7744711921875
0 0.148568359375 0.8252700187500001 0.14428125 0.8295874015625 0.145505859375 0.8312407234375 0.15016015625 0.828117675 0.15003776093750001 0.8265556640625 0.148568359375 0.8252700187500001
0 0.1477109375 0.8261884765625 0.1458736984375 0.8252700187500001 0.14170898437499999 0.828117675 0.14403645781250002 0.8296792 0.1477109375 0.8261884765625
0 0.4199466140625 0.178336425 0.417931640625 0.176976075 0.4134986984375 0.1803012703125 0.415513671875 0.18241699218750002 0.4199466140625 0.178336425
0 0.42236523437500006 0.18060351562500002 0.41954362031250003 0.17924316406250002 0.41611783906250005 0.1818125 0.4193424484375 0.183928221875 0.42236523437500006 0.18060351562500002
0 0.4229694015625 0.1741044921875 0.420349609375 0.173802246875 0.4193424484375 0.1780341796875 0.4229694015625 0.1780341796875 0.4229694015625 0.1741044921875
0 0.427201171875 0.1741044921875 0.4233723953125 0.17425585937500002 0.42256640624999997 0.17894091875 0.4269993484375 0.17894091875 0.427201171875 0.1741044921875
0 0.4263951828125 0.171837403125 0.41893945312499997 0.17198876875 0.419140625 0.1744067375 0.4269993484375 0.1739536140625 0.4263951828125 0.171837403125
0 0.4316341140625 0.1724423828125 0.4286119796875 0.168814940625 0.42679817656249996 0.1686640625 0.426193359375 0.169873046875 0.4278059890625 0.1745581046875 0.4316341140625 0.1748603515625 0.4316341140625 0.1724423828125
0 0.5255377609375 0.15294628906250002 0.5243287765625 0.151132325 0.5219108078125 0.15219042968750002 0.5219108078125 0.1564223640625 0.5257395828125 0.15596875 0.5255377609375 0.15294628906250002
0 0.5211048171875 0.1478076171875 0.5176790359375001 0.14962109375 0.521306640625 0.15264404375 0.5247317703125 0.1502255859375 0.5211048171875 0.1478076171875
0 0.529568359375 0.1500747078125 0.529568359375 0.14765625 0.5269485671874999 0.1446337890625 0.5243287765625 0.1453896484375 0.5247317703125 0.1478076171875 0.527150390625 0.151132325 0.529568359375 0.1500747078125
0 0.52976953125 0.1438779296875 0.5275533859375 0.144482421875 0.5331953125 0.14916796875 0.5348072921875 0.14659863281250002 0.52976953125 0.1438779296875
0 0.4953125 0.43515625 0.0109375 0.00625
0 0.43984375 0.42578125 0.0125 0.0078125
0 0.484375 0.42734375 0.01953125 0.0078125
0 0.49609375 0.41796875 0.00625 0.0078125
0 0.43359375 0.40625 0.009375 0.00546875
0 0.375 0.4140625 0.01171875 0.009375
0 0.390625 0.421875 0.0125 0.00703125
0 0.5359375 0.3953125 0.00625 0.0078125
0 0.54140625 0.40546875 0.00546875 0.0046875
0 0.55625 0.40546875 0.009375 0.00625
0 0.5875 0.42109375 0.00546875 0.00546875
0 0.55 0.42734375 0.00859375 0.00703125
0 0.5234375 0.43828125 0.0078125 0.0046875
0 0.53828125 0.4390625 0.0109375 0.0046875
0 0.44140625 0.44609375 0.0078125 0.00390625
0 0.39453125 0.44765625 0.01015625 0.00546875
0 0.36484375 0.428125 0.00546875 0.003125
0 0.33515625 0.44375 0.00625 0.0046875
0 0.35078125 0.4671875 0.0078125 0.0046875
0 0.36171875 0.4921875 0.0078125 0.0046875
0 0.40703125 0.490625 0.009375 0.00546875
0 0.41484375 0.5 0.00625 0.0046875
0 0.42734375 0.5140625 0.0109375 0.0046875
0 0.421875 0.52734375 0.00703125 0.003125
0 0.52578125 0.50078125 0.00625 0.00546875
0 0.52734375 0.51484375 0.00859375 0.00625
0 0.5703125 0.45625 0.00703125 0.00625
0 0.61171875 0.49609375 0.00625 0.00703125
0 0.5671875 0.51796875 0.0078125 0.00703125
0 0.63359375 0.4421875 0.00625 0.00625
0 0.47890625 0.50078125 0.0078125 0.00625
0 0.4859375 0.4765625 0.0078125 0.00703125
0 0.01328125 0.25234375 0.0109375 0.0078125
0 0.034375 0.31875 0.0140625 0.00625
0 0.05390625 0.2703125 0.01015625 0.00859375
0 0.059375 0.2921875 0.01015625 0.0078125
0 0.07421875 0.2265625 0.00625 0.00625
0 0.284375 0.31328125 0.0109375 0.009375
0 0.17578125 0.2171875 0.01953125 0.0109375
0 0.27421875 0.32890625 0.0109375 0.009375
0 0.26796875 0.31484375 0.009375 0.00703125
0 0.30546875 0.371875 0.009375 0.009375
0 0.29140625 0.365625 0.01015625 0.009375
0 0.228125 0.18984375 0.0125 0.009375
0 0.153125 0.18828125 0.009375 0.00625
0 0.33828125 0.228125 0.0125 0.00703125
0 0.24609375 0.28359375 0.0109375 0.00703125
0 0.265625 0.29921875 0.0109375 0.00625
0 0.390625 0.25625 0.009375 0.0109375
0 0.3921875 0.27734375 0.0109375 0.00859375
0 0.3875 0.2953125 0.015625 0.01171875
0 0.3109375 0.33125 0.01171875 0.00859375
0 0.334375 0.340625 0.009375 0.0078125
0 0.32421875 0.371875 0.01328125 0.00625
0 0.3421875 0.37578125 0.00859375 0.00859375
0 0.32421875 0.3609375 0.01328125 0.00703125
0 0.36015625 0.3296875 0.01484375 0.01015625
0 0.4859375 0.18984375 0.01171875 0.01015625
0 0.59140625 0.19140625 0.01171875 0.0078125
0 0.41953125 0.2890625 0.00859375 0.00859375
0 0.4 0.3 0.0078125 0.009375
0 0.3859375 0.33984375 0.0125 0.0109375
0 0.41171875 0.321875 0.0171875 0.009375
0 0.36640625 0.3734375 0.01328125 0.009375
0 0.4640625 0.359375 0.0078125 0.01171875
0 0.49921875 0.33359375 0.0125 0.01484375
0 0.55 0.3203125 0.01171875 0.01015625
0 0.55546875 0.26484375 0.01484375 0.00859375
0 0.62890625 0.2703125 0.01796875 0.0109375
0 0.60234375 0.27734375 0.009375 0.0078125
0 0.65390625 0.28125 0.0109375 0.0046875
0 0.68203125 0.2765625 0.01640625 0.00703125
0 0.65 0.31015625 0.01328125 0.01171875
0 0.61484375 0.33125 0.0109375 0.009375
0 0.5796875 0.346875 0.0078125 0.00859375
0 0.54296875 0.34140625 0.00703125 0.00703125
0 0.50703125 0.36171875 0.009375 0.00703125
0 0.5046875 0.36953125 0.00625 0.00390625
0 0.52109375 0.36328125 0.00625 0.0046875
0 0.4953125 0.37890625 0.00625 0.0046875
0 0.3109375 0.32109375 0.00625 0.0046875
0 0.553125 0.1625 0.0109375 0.00859375
0 0.5578125 0.14609375 0.00625 0.00546875
0 0.66484375 0.2359375 0.00859375 0.00546875
0 0.70625 0.4453125 0.00859375 0.00625
0 0.728125 0.38515625 0.00625 0.00546875
0 0.77109375 0.434375 0.009375 0.0046875
0 0.7453125 0.478125 0.01171875 0.00625
0 0.90390625 0.13828125 0.0078125 0.00859375
0 0.8609375 0.23046875 0.00703125 0.00703125
0 0.934375 0.22734375 0.0109375 0.0046875
0 0.80078125 0.23828125 0.00703125 0.00625
0 0.86953125 0.3765625 0.00625 0.00859375
0 0.9203125 0.36328125 0.00859375 0.00390625
0 0.93828125 0.42421875 0.00546875 0.0046875
0 0.9109375 0.43984375 0.009375 0.00625
0 0.87265625 0.41953125 0.00703125 0.0046875
0 0.8703125 0.41171875 0.00625 0.00546875
0 0.76875 0.5140625 0.00859375 0.0046875
0 0.8 0.51640625 0.0078125 0.0046875
0 0.8265625 0.546875 0.009375 0.00625
0 0.72890625 0.54609375 0.0078125 0.00546875
0 0.6796875 0.52890625 0.009375 0.0046875
0 0.60234375 0.58125 0.0078125 0.00625
0 0.61953125 0.53828125 0.00859375 0.00625
0 0.63671875 0.53828125 0.00703125 0.0078125
0 0.72421875 0.5671875 0.0078125 0.00390625
0 0.77734375 0.52734375 0.00703125 0.00546875
0 0.75078125 0.55390625 0.009375 0.003125
0 0.746875 0.6 0.00859375 0.0046875
0 0.69609375 0.59921875 0.00625 0.00390625
0 0.678125 0.58984375 0.00859375 0.00390625
0 0.01484375 0.35390625 0.009375 0.00390625
0 0.11171875 0.4375 0.01015625 0.00703125
0 0.0046875 0.4609375 0.00625 0.00859375
0 0.11953125 0.5 0.01484375 0.0046875
0 0.22265625 0.48046875 0.01171875 0.00703125
0 0.22109375 0.49296875 0.0078125 0.00546875
0 0.2171875 0.51875 0.009375 0.00703125
0 0.275 0.47421875 0.01015625 0.009375
0 0.15 0.475 0.00703125 0.00625
0 0.07734375 0.51796875 0.01171875 0.00390625
0 0.065625 0.56171875 0.01171875 0.0078125
0 0.01953125 0.59765625 0.0125 0.00703125
0 0.24375 0.50703125 0.01328125 0.00625
0 0.253125 0.5375 0.0140625 0.00703125
0 0.2296875 0.54609375 0.00546875 0.00625
0 0.2390625 0.55859375 0.0078125 0.00390625
0 0.2359375 0.565625 0.0125 0.00703125
0 0.16171875 0.6 0.01015625 0.00703125
0 0.14375 0.75546875 0.00859375 0.00703125
0 0.10625 0.77109375 0.0078125 0.0046875
0 0.0859375 0.7921875 0.01015625 0.00546875
0 0.109375 0.7921875 0.00859375 0.0078125
0 0.1078125 0.8109375 0.009375 0.00625
0 0.1125 0.7078125 0.00859375 0.00703125
0 0.06171875 0.7171875 0.00546875 0.0046875
0 0.10078125 0.8390625 0.0078125 0.00703125
0 0.1046875 0.8609375 0.0109375 0.0046875
0 0.1421875 0.85078125 0.00859375 0.00625
0 0.1734375 0.8234375 0.009375 0.0046875
0 0.190625 0.79765625 0.00859375 0.00625
0 0.19296875 0.8734375 0.0109375 0.0078125
0 0.17890625 0.8796875 0.0109375 0.00625
0 0.18828125 0.89140625 0.01015625 0.00703125
0 0.209375 0.84140625 0.01171875 0.00625
0 0.2515625 0.825 0.00625 0.00859375
0 0.25546875 0.8421875 0.0078125 0.00703125
0 0.28046875 0.85859375 0.0140625 0.0109375
0 0.3 0.825 0.0140625 0.00859375
0 0.334375 0.8015625 0.009375 0.00703125
0 0.3390625 0.81796875 0.009375 0.0078125
0 0.3640625 0.7875 0.01015625 0.0078125
0 0.31875 0.840625 0.009375 0.00546875
0 0.33359375 0.84765625 0.0109375 0.00703125
0 0.26875 0.72890625 0.01171875 0.009375
0 0.51015625 0.85 0.01328125 0.01015625
0 0.40546875 0.5640625 0.0078125 0.003125
0 0.415625 0.565625 0.0046875 0.00703125
0 0.421875 0.571875 0.0046875 0.00546875
0 0.3296875 0.5734375 0.0078125 0.00625
0 0.43125 0.58125 0.00546875 0.00625
0 0.45546875 0.58828125 0.0109375 0.0046875
0 0.496875 0.57734375 0.0078125 0.00625
0 0.48203125 0.58125 0.00859375 0.00546875
0 0.4109375 0.62421875 0.00703125 0.00625
0 0.4390625 0.64140625 0.00703125 0.00625
0 0.45390625 0.6234375 0.01328125 0.00546875
0 0.4859375 0.6359375 0.00859375 0.00625
0 0.5140625 0.6234375 0.0078125 0.00703125
0 0.53203125 0.6234375 0.01015625 0.00625
0 0.50546875 0.64453125 0.01015625 0.00703125
0 0.48828125 0.64609375 0.01171875 0.00703125
0 0.571875 0.5984375 0.009375 0.0078125
0 0.56875 0.60703125 0.0078125 0.00625
0 0.56015625 0.61796875 0.01171875 0.00859375
0 0.553125 0.6453125 0.00859375 0.00859375
0 0.56328125 0.64765625 0.01015625 0.01015625
0 0.6109375 0.64453125 0.0109375 0.00859375
0 0.6421875 0.646875 0.0078125 0.00546875
0 0.66328125 0.6453125 0.009375 0.0046875
0 0.63984375 0.65703125 0.0078125 0.00859375