0 0.35244275758835436 0.5186001723962208 0.011991534639736123 0.009852502471457924
0 0.35241166534762863 0.4928507558943179 0.01359949874635875 0.01147866946765248
0 0.3258946294542513 0.49237059482962264 0.011946070533113407 0.008290002471457924
0 0.5016986115075627 0.4844268077577536 0.01033810642649069 0.006663835475263546
0 0.5211519904995956 0.6740331358186433 0.014358016693047482 0.010729252965749581
0 0.7528602947353729 0.5147695878723594 0.013531302586424588 0.009134919467652302
0 0.7027670180131956 0.4395586822448715 0.014380748746358663 0.01151050296574958
0 0.4024571294542513 0.4892509120160975 0.011187552586424765 0.009039418973360825
0 0.6515538590002802 0.45647160962118927 0.011946070533113407 0.008290002471457924
0 0.44714045830063487 0.24084790410743206 0.015943248746358663 0.011574169961943959
0 0.1933549140939874 0.4884072895061459 0.012772784639736079 0.009884335969555203
0 0.383832813077773 0.378423499962819 0.011968802586424765 0.009071252471457925
0 0.5259748489711503 0.37419230330912934 0.012772784639736124 0.009884335969555203
0 0.42774428595988434 0.45154532357508437 0.011991534639736123 0.009852502471457924
0 0.2747677016367174 0.3454120231945236 0.014358016693047482 0.010729252965749492
0 0.968414750066507 0.4279540428918249 0.0143352846397363 0.00994800296574958
0 0.3671083143314142 0.3900295034228601 0.013554034639736123 0.009916169467652303
0 0.6306443139357029 0.531454363575522 0.010360838479802226 0.007445085475263546
0 0.33035011190327407 0.33924559482962263 0.011968802586424765 0.009071252471457925
0 0.49559233016653187 0.21156231072350312 0.014403480799670021 0.012291752965749492
0 0.5797386949727998 0.43052587494422845 0.011164820533113406 0.008258168973360824
0 0.7594442300082472 0.2616764213704566 0.011142088479802048 0.007476918973360736
0 0.6265909629194885 0.42939711505839673 0.012750052586424764 0.009103085969555025
0 0.5250762755350431 0.5123462193167405 0.011991534639735946 0.009852502471457924
0 0.4946396516240821 0.8342994737653647 0.011142088479802048 0.007476918973360824
0 0.3351128535900038 0.5778305923581647 0.01670176669304748 0.010824753460041059
0 0.009999193323447151 0.5949795775665981 0.015139266693047429 0.010761086463846681
0 0.4158998523363627 0.5636142420541536 0.011968802586424587 0.009071252471457925
0 0.9398123769469688 0.445506298823324 0.011968802586424942 0.009071252471457925
0 0.8013445735026142 0.29664432897511084 0.015116534639736301 0.00997983646384668
0 0.5087512789002553 0.6979481382901013 0.013508570533113407 0.008353669467652303
0 0.7538892488128658 0.42577075486855376 0.012772784639735945 0.009884335969555203
0 0.5582357680131957 0.44544787939285263 0.011164820533113406 0.008258168973360824
0 0.6820630952767337 0.8024725177201351 0.012727320533113406 0.008321835969555024
0 0.630751962523777 0.5813906965793276 0.011946070533113407 0.008290002471457924
0 0.09052777929596675 0.5628263107606842 0.011923338479802047 0.007508752471457924
0 0.45635370460621827 0.6751128161607106 0.011946070533113407 0.008290002471457924
0 0.14548336691783897 0.3904764668824637 0.014380748746358751 0.01151050296574958
0 0.7460169128403462 0.45496350635142857 0.014335284639736124 0.00994800296574958
0 0.6898170739648327 0.6164395172258434 0.011946070533113407 0.008290002471457924
0 0.9067498243605442 0.4554370557434062 0.011142088479802225 0.007476918973360824
0 0.40605349089530696 0.5265599110275143 0.012750052586424764 0.009103085969555025
0 0.40542901675955445 0.4407497450199031 0.009602320533113407 0.008194501977166268
0 0.30215560108272144 0.5573244327763442 0.012772784639736124 0.009884335969555024
0 0.44067854348173174 0.5165654871112377 0.010383570533113406 0.008226335475263547
0 0.6739289641731296 0.4383927716744678 0.01594324874635884 0.01157416996194378
0 0.2976653632234223 0.8189158487839553 0.012772784639736124 0.009884335969555024
0 0.8768600843896739 0.5440512281768081 0.011119356426490867 0.006695668973360824
0 0.5191565476383668 0.3939782212939069 0.013554034639736123 0.009916169467652303
0 0.5962980576674968 0.47823120448799294 0.013554034639735946 0.009916169467652303
0 0.7329846815784575 0.15194859429815002 0.014380748746358663 0.011510502965749536
0 0.3768637475592246 0.43020883444949937 0.012772784639736124 0.009884335969555024
0 0.9599453690294102 0.5313018773785053 0.013622230799670376 0.012259919467652303
0 0.30131582977082044 0.37164160076112174 0.014426212852981467 0.013073002965749581
0 0.6832859291376823 0.5995385187087182 0.015920516693047303 0.010792919961943781
0 0.8658603999082224 0.4929980641463632 0.012750052586424587 0.009103085969555202
0 0.06667405680956687 0.3367240671864748 0.019113712852981468 0.013264003954332715
0 0.49238213281946364 0.6705234752482395 0.013531302586424765 0.009134919467652481
0 0.286371476709542 0.563429852738288 0.015920516693047483 0.010792919961943958
0 0.3474263001456493 0.4228247573771927 0.014380748746358751 0.01151050296574958
0 0.8037554858142351 0.0024989992213815732 0.014380748746358663 0.0049979984427631465
0 0.7070730509370721 0.10384401673155189 0.012772784639736124 0.009884335969555114
0 0.1506372505287254 0.7765267134224226 0.014358016693047393 0.010729252965749581
0 0.7377066561764286 0.5528425908381089 0.011968802586424765 0.009071252471457925
0 0.28700797420225954 0.541554852738288 0.011210284639736123 0.009820668973360824
0 0.7269222688711254 0.6016620928152753 0.011968802586424587 0.009071252471457925
0 0.5526102421489483 0.5315127133852415 0.01033810642649069 0.006663835475263546
0 0.4830074136317689 0.16135406368925267 0.014380748746358663 0.011510502965749491
0 0.5239600564138553 0.4702542198110321 0.014335284639735945 0.00994800296574958
0 0.36084995414399984 0.3637535049057348 0.012772784639736124 0.009884335969555114
0 0.4944580760098967 0.3309980602292115 0.013554034639735946 0.009916169467652303
0 0.1635835314075378 0.7338617109509646 0.01355403463973608 0.009916169467652303
0 0.4170053627612039 0.4988023255522508 0.011210284639736123 0.009820668973360824
0 0.7698061023363627 0.5491936674161239 0.015965980799670022 0.012355419961943958
0 0.7934685743605441 0.4600529129674996 0.014312552586424766 0.009166752965749581
0 0.029922899908222438 0.5270599071103627 0.014358016693047426 0.010729252965749581
0 0.8586880605704905 0.3372255666178211 0.013531302586424942 0.009134919467652302
0 0.9281033017950019 0.25792538578146235 0.015943248746358663 0.011574169961943959
0 0.5303608205996204 0.4380001353243518 0.012772784639735945 0.009884335969555024
0 0.7240630079840658 0.3512946782905388 0.014335284639736124 0.00994800296574958
0 0.40037414073702243 0.5876565785180002 0.011164820533113406 0.008258168973360824
0 0.8928631691085525 0.5036026417129613 0.0119915346397363 0.009852502471457924
0 0.7190164921489482 0.5247321782905388 0.013531302586424765 0.009134919467652302
0 0.7720207863555958 0.2853540019028043 0.013554034639735946 0.009916169467652303
0 0.6738905455933027 0.6810750201915929 0.01116482053311323 0.008258168973360824
0 0.5754831039857152 0.41587312593281156 0.012772784639736124 0.009884335969555024
0 0.6084102981005852 0.7055922005336603 0.01991769490629274 0.014077087452429993
0 0.688691179995612 0.7624059332334546 0.015139266693047304 0.010761086463846681
0 0.6526557062555709 0.5258755256288005 0.013554034639735946 0.00991616946765248
0 0.42283416244463473 0.6202953235750843 0.012795516693047303 0.010665585969555025
0 0.6035135126029193 0.5520679525108265 0.010360838479802226 0.007445085475263546
0 0.4165556995251463 0.1656224110275143 0.01438074874635884 0.011510502965749536
0 0.4623643607161398 0.7903558141835443 0.010406302586424587 0.009007585475263546
0 0.9201243510827215 0.5321441357814622 0.015161998746359017 0.01154233646384668
0 0.3532273899455996 0.8939039199247627 0.011187552586424765 0.009039418973360825
0 0.34738919622644104 0.45091792387909563 0.009579588479802049 0.007413251977166269
0 0.28544312569332764 0.46124527022877404 0.012772784639736124 0.009884335969555024
0 0.19260475633471316 0.514188539506146 0.011968802586424765 0.009071252471457925
0 0.3769653844688162 0.5339877504571106 0.012036998746358751 0.011415002471457925
0 0.4464117179340533 0.48043698612265456 0.011946070533113407 0.008290002471457924
0 0.5991359011618637 0.514790786997507 0.010383570533113406 0.008226335475263547
0 0.570760848575439 0.5245305429290059 0.009556856426490689 0.006632001977166268
0 0.5814710280423256 0.5318973739556452 0.013372178213245434 0.0036661694676523027
0 0.6447810217741193 0.47469502760596677 0.01047449874635884 0.011351335475263546
0 0.6886303101747792 0.4963180182144266 0.008108016693047481 0.01047458498097189
0 0.696048005081072 0.4827502667315519 0.011164820533113406 0.008258168973360824
0 0.6579258794542513 0.47884135813831447 0.012704588479802048 0.007540585969555025
0 0.45776675508107195 0.49245948365119663 0.013531302586424765 0.009134919467652481
0 0.4511841344688163 0.5309635681378769 0.01272732053311323 0.008321835969555203
0 0.6945022254559008 0.535875266731552 0.005605142319868151 0.004910334486680412
0 0.661797374043975 0.5871486066554397 0.010269910266556792 0.004320085475263547
0 0.40837685735092755 0.6076189100389311 0.008843802586424764 0.008943918479069168
0 0.49143940993735225 0.5956508092406284 0.011991534639735946 0.009852502471457924
0 0.4244504867386718 0.6451998230807929 0.012772784639735945 0.009884335969555024
0 0.4639532559390018 0.6552950646778358 0.008911998746358663 0.011287668479069169
0 0.10830631268206162 0.5418134738025459 0.014335284639736079 0.00994800296574958
0 0.12804816284034617 0.48014380334631035 0.009556856426490734 0.006632001977166268
0 0.5373549666804122 0.46580680034337973 0.012727320533113406 0.008321835969555024