0 0.38671875 0.47008923367311317 0.01640625 0.010729168874474126
0 0.43984375 0.4096403177938641 0.0125 0.009030259618646851
0 0.4859375 0.4103744385751039 0.0109375 0.009756945916316085
0 0.4734375 0.44674844819375065 0.0125 0.007467759618646852
0 0.5171875 0.46475191452848674 0.0078125 0.012772818511654193
0 0.4328125 0.486448354454353 0.0109375 0.010538195916316084
0 0.37578125 0.40172117958942916 0.01171875 0.011346727767481468
0 0.4328125 0.39113585445435295 0.01484375 0.00911210517214318
0 0.5390625 0.42023802269585475 0.01328125 0.009057541469812237
0 0.58671875 0.5412300797747637 0.01171875 0.010565477767481467
0 0.565625 0.4443104397562302 0.01015625 0.008167164065150523
0 0.61328125 0.43092749683513903 0.0140625 0.01142857332097762
0 0.5875 0.4005777979235982 0.01171875 0.009002977767481468
0 0.55625 0.38682532197021535 0.01328125 0.009057541469812237
0 0.44140625 0.43067950409153327 0.009375 0.006577382213985139
0 0.39375 0.5979686970126243 0.0125 0.009030259618646851
0 0.32578125 0.5831547180640165 0.0125 0.012155259618646852
0 0.3 0.8153050191524756 0.0171875 0.006850200725639155
0 0.146875 0.8229960119808997 0.0140625 0.00908482332097762
0 0.28125 0.8479910335804458 0.0109375 0.012100695916316084
0 0.0125 0.25190724038135315 0.0078125 0.007304068511654283
0 0.075 0.22394344228811888 0.00546875 0.004097222958158042
0 0.0921875 0.2311557415624795 0.00625 0.004905754809323426
0 0.0546875 0.26918402041842004 0.00546875 0.008003472958158042
0 0.06328125 0.26107142005560036 0.0046875 0.00485119110699257
0 0.0609375 0.2884970156090966 0.00859375 0.008893850362819755
0 0.034375 0.31676834854872116 0.01484375 0.007549605172143181
0 0.175 0.21029511533894416 0.02734375 0.010329864790790034
0 0.015625 0.3533606129766914 0.00625 0.004124504809323426
0 0.153125 0.18215275717157614 0.009375 0.005796132213985139
0 0.21796875 0.1759821135248456 0.009375 0.007358632213985139
0 0.3390625 0.21628467659420428 0.0078125 0.005741568511654282
0 0.4234375 0.16021323666833806 0.0234375 0.018787205534962846
0 0.390625 0.24260907441728605 0.01328125 0.009838791469812235
0 0.3921875 0.2628670107149552 0.00859375 0.0073313503628197555
0 0.3875 0.28099945182194774 0.0078125 0.008085318511654283
0 0.246875 0.2741914350317248 0.009375 0.006577382213985139
0 0.26640625 0.2891343887525891 0.0078125 0.005741568511654282
0 0.28515625 0.3025421243246188 0.01171875 0.009784227767481469
0 0.27421875 0.31933032024093483 0.00859375 0.009675100362819756
0 0.3109375 0.3211730732361597 0.0078125 0.008085318511654283
0 0.334375 0.3297296177011969 0.00703125 0.00649553666048881
0 0.40078125 0.28522316035213546 0.0078125 0.005741568511654282
0 0.4109375 0.3075247462869849 0.00859375 0.004987600362819755
0 0.38671875 0.32712048367311314 0.00703125 0.0049330366604888095
0 0.35859375 0.31716513031506854 0.00859375 0.008112600362819754
0 0.32421875 0.3503967817663474 0.0109375 0.005850695916315996
0 0.28984375 0.35550343321762623 0.00703125 0.00649553666048881
0 0.30546875 0.3619890461943177 0.009375 0.00813988221398514
0 0.325 0.35974449991518204 0.01171875 0.007440477767481468
0 0.34140625 0.36385908104070797 0.009375 0.007358632213985139
0 0.36796875 0.35902524810108344 0.01015625 0.005823414065150523
0 0.50078125 0.3176685834029607 0.01640625 0.00916666887447395
0 0.4640625 0.3423883304077358 0.0140625 0.01220982332097762
0 0.5921875 0.16994535681660566 0.01640625 0.009947918874473948
0 0.62890625 0.24913185981183056 0.01171875 0.009784227767481469
0 0.66484375 0.21350189465822084 0.0109375 0.008194445916315995
0 0.55703125 0.24539179011904988 0.00859375 0.009675100362819756
0 0.6015625 0.2563367246026205 0.009375 0.007358632213985139
0 0.55078125 0.3002975449283733 0.01171875 0.009784227767481469
0 0.58046875 0.32660458458408703 0.01015625 0.009729664065150523
0 0.61484375 0.3105604331328082 0.01015625 0.0073859140651505225
0 0.50625 0.34404011044480265 0.01015625 0.005823414065150523
0 0.49453125 0.36163683821228415 0.0078125 0.007304068511654283
0 0.5359375 0.3765971501005164 0.00625 0.007249504809323426
0 0.49609375 0.39986352450995327 0.00703125 0.00649553666048881
0 0.55 0.4089185767795387 0.00859375 0.006550100362819578
0 0.5234375 0.41922115971916335 0.01171875 0.0058779777674814685
0 0.48515625 0.4596204704262693 0.00859375 0.0073313503628197555
0 0.5125 0.48132185563547925 0.0078125 0.007304068511654193
0 0.6015625 0.4657117246026205 0.00625 0.006468254809323426
0 0.62734375 0.4523114235141614 0.00859375 0.006550100362819578
0 0.60546875 0.4921378153467934 0.0078125 0.0065228185116541935
0 0.68125 0.4316789757837469 0.0078125 0.007304068511654193
0 0.609375 0.4451264060909662 0.00625 0.005687004809323426
0 0.60546875 0.5390128153467935 0.00546875 0.009565972958158041
0 0.6265625 0.5406199553653268 0.0078125 0.0033978185116541938
0 0.63671875 0.5387027913001763 0.00625 0.006468254809323426
0 0.65390625 0.5396650905745368 0.0078125 0.007304068511654193
0 0.64375 0.5470510046396874 0.00546875 0.007222222958158042
0 0.615625 0.5597519012816428 0.01015625 0.008167164065150523
0 0.6015625 0.5602429746026205 0.00703125 0.00649553666048881
0 0.56796875 0.555166094202734 0.01171875 0.007440477767481468
0 0.678125 0.5653818531884085 0.009375 0.007358632213985139
0 0.6546875 0.5794815587233714 0.0125 0.004342759618646852
0 0.625 0.5773932690676576 0.01171875 0.009784227767481469
0 0.63671875 0.5152652913001763 0.00859375 0.007331350362819578
0 0.68125 0.5058977257837468 0.0125 0.006686509618646852
0 0.7296875 0.5213937510114903 0.01015625 0.005823414065150701
0 0.76875 0.48721715845321895 0.00859375 0.0042063503628195775
0 0.61796875 0.5167013057281465 0.01171875 0.005096727767481468
0 0.5671875 0.49738087605389936 0.01015625 0.0073859140651505225
0 0.74609375 0.5739458321370163 0.01328125 0.009838791469812235
0 0.82734375 0.5179835196158118 0.01328125 0.008276291469812236
0 0.6546875 0.2576065587233714 0.01015625 0.0073859140651505225
0 0.6828125 0.25349941208141596 0.01171875 0.006659227767481468
0 0.65 0.286676499830364 0.00859375 0.0073313503628197555
0 0.92109375 0.3311159474759605 0.01171875 0.007440477767481468
0 0.8703125 0.3469517678017133 0.00625 0.008030754809323425
0 0.87109375 0.3812994859505479 0.01171875 0.008221727767481469
0 0.87265625 0.38827617224821703 0.015625 0.006795637023308565
0 0.9390625 0.39220721489915567 0.0078125 0.007304068511654283
0 0.80078125 0.48844235255543633 0.009375 0.005796132213985139
0 0.77734375 0.5001983080903992 0.01015625 0.005823414065150701
0 0.7515625 0.5276611091788583 0.0078125 0.007304068511654193
0 0.7234375 0.5419245058208138 0.0078125 0.004960318511654194
0 0.7 0.5146179613557766 0.00859375 0.005768850362819577
0 0.696875 0.5741020887604382 0.00625 0.006468254809323426
0 0.66328125 0.6221502083605517 0.01015625 0.005042164065150523
0 0.64375 0.6243947546396874 0.01015625 0.005042164065150523
0 0.640625 0.6346601320443492 0.0078125 0.004960318511654194
0 0.5625 0.6295758171608918 0.00703125 0.00571428666048881
0 0.56015625 0.5991889127143881 0.00859375 0.005768850362819755
0 0.571875 0.5776859349469068 0.009375 0.005014882213985139
0 0.56875 0.5871700623515684 0.0078125 0.004179068511654194
0 0.53203125 0.6056398093563435 0.0078125 0.004960318511654194
0 0.50546875 0.6268798922959682 0.009375 0.006577382213985139
0 0.4890625 0.6297965611704421 0.00703125 0.0049330366604888095
0 0.4859375 0.6181869385751039 0.00859375 0.004987600362819577
0 0.4390625 0.6260738496450295 0.00703125 0.00805803666048881
0 0.3671875 0.6285837799522488 0.0078125 0.008866568511654193
0 0.42109375 0.6040450822218343 0.00859375 0.008112600362819578
0 0.42109375 0.5852950822218344 0.00859375 0.005768850362819577
0 0.45703125 0.5715401170682247 0.01015625 0.0081671640651507
0 0.3015625 0.5730629554501447 0.01171875 0.007440477767481468
0 0.30859375 0.584536168789656 0.009375 0.00813988221398514
0 0.31015625 0.5915128550873251 0.01171875 0.005096727767481468
0 0.2359375 0.5573858809480408 0.01015625 0.005823414065150523
0 0.21484375 0.5628099909295073 0.0140625 0.00908482332097762
0 0.22890625 0.5974751676085296 0.00859375 0.007331350362819578
0 0.33125 0.5610887451058586 0.0125 0.007467759618646852
0 0.2875 0.6313665287711225 0.01015625 0.005823414065150701
0 0.2859375 0.6189210924734534 0.009375 0.006577382213985139
0 0.27265625 0.6482911339432657 0.01015625 0.0073859140651505225
0 0.3875 0.6099057018219478 0.0078125 0.008866568511654193
0 0.42265625 0.5571155185195036 0.00625 0.007249504809323426
0 0.34765625 0.6292658262313846 0.00625 0.004905754809323426
0 0.3984375 0.6813987559056318 0.00859375 0.005768850362819755
0 0.26875 0.7195212931990929 0.01015625 0.0097296640651507
0 0.265625 0.6852554206037544 0.00625 0.005687004809323426
0 0.2515625 0.8154339939247321 0.00703125 0.00727678666048881
0 0.2546875 0.8332936165200705 0.01171875 0.0058779777674814685
0 0.33359375 0.8352256495523622 0.00859375 0.006550100362819578
0 0.33984375 0.8061011447430388 0.00859375 0.008112600362819578
0 0.36484375 0.7755406255057451 0.00859375 0.007331350362819578
0 0.30390625 0.8862623598966486 0.0109375 0.005069445916316084
0 0.19296875 0.8666988827621394 0.01171875 0.006659227767481468
0 0.1015625 0.8362971093484944 0.0078125 0.005741568511654194
0 0.10546875 0.8572544500926671 0.00859375 0.004206350362819933
0 0.109375 0.7883680408368401 0.0078125 0.007304068511654193