0 0.23984375 0.53046875 0.00546875 0.009375
0 0.2007643234375 0.5253203125 0.20393880156250002 0.5269077140625 0.20790625000000001 0.5225429687500001 0.20420312499999999 0.520360840625 0.2007643234375 0.5253203125
0 0.22113216093750002 0.510044921875 0.2187513015625 0.5116318359375 0.223248046875 0.514607909375 0.22483528593750002 0.51143359375 0.22113216093750002 0.510044921875
0 0.26609895781250004 0.526708984375 0.263189453125 0.5263125 0.259486328125 0.5288916015625 0.2637180984375 0.5312719734375 0.26609895781250004 0.526708984375
0 0.2428216140625 0.5548798828125 0.2407057296875 0.5576572265624999 0.24414453125 0.561029784375 0.24811197968749998 0.5572602546875001 0.2428216140625 0.5548798828125
0 0.2981614578125 0.5426655265625 0.297875 0.5406240234374999 0.29142773437499997 0.5409462890625 0.2905677078125 0.54255810625 0.2912845046875 0.5443852546875 0.2960123703125 0.5443852546875 0.2981614578125 0.5426655265625
0 0.32065625 0.56662890625 0.31707421875 0.5651245125 0.3140657546875 0.5697451171875 0.3163580734375 0.572001953125 0.32065625 0.56662890625
0 0.34845247343749997 0.5688857421875 0.3447272140625 0.5663066406249999 0.3397122390625 0.5696376953125 0.3430078125 0.572001953125 0.34845247343749997 0.5688857421875
0 0.3263873703125 0.594353515625 0.3263873703125 0.5981142578124999 0.3328352859375 0.5974697265625 0.3335514328125 0.5940307625 0.3263873703125 0.594353515625
0 0.3948743484375 0.5830703125000001 0.3884270828125 0.5838222656250001 0.3885703125 0.5867236328125001 0.39358463593750004 0.5867236328125001 0.3948743484375 0.5855415046875 0.3948743484375 0.5830703125000001
0 0.410921875 0.5910219734375 0.4051901046875 0.5913442390625 0.4056204421875 0.59467578125 0.40776953125000004 0.594138184375 0.41063476562499995 0.5936010734375 0.410921875 0.5910219734375
0 0.4564837234375 0.5754404296875 0.45290234375000005 0.5747958984375 0.44975 0.5802763671875 0.4547643234375 0.5808134765624999 0.4564837234375 0.5754404296875
0 0.432556640625 0.5563129874999999 0.4255358078125 0.5521220703124999 0.42338671874999995 0.55480859375 0.4291178390625 0.558892090625 0.43212695312499994 0.558892090625 0.432556640625 0.5563129874999999
0 0.4635045578125 0.526654296875 0.459779296875 0.525257325 0.45705729218749996 0.5291259765625 0.4604954421875 0.53073779375 0.4635045578125 0.526654296875
0 0.486572265625 0.5328872078125 0.48213085937500005 0.530200684375 0.47983854218750005 0.5300932625 0.47869205781249996 0.53202734375 0.48385026093750005 0.5351435546875 0.4859993484375 0.5351435546875 0.486572265625 0.5328872078125
0 0.4900110671875 0.53159765625 0.48370703125 0.5286962890625 0.4819876296875 0.5297705078125 0.486572265625 0.5336391609375 0.4894381515625 0.5347138671875 0.4900110671875 0.53159765625
0 0.5546295578125 0.5073120125 0.5560625 0.5058076171875 0.5556321609375 0.5040878906249999 0.5554889328125 0.5005419921875001 0.5547727859375 0.4994672859375 0.5526236984375 0.499682128125 0.55205078125 0.502368653125 0.549328125 0.5015092765625 0.5458893234375 0.50312109375 0.5476087234375 0.505377440625 0.5466061203125 0.5064521484375 0.5511907546875 0.5092460937500001 0.5523372390625 0.5068818359375 0.5546295578125 0.5073120125
0 0.5718229171875 0.5124697265625 0.56895703125 0.51537109375 0.5713932296875 0.5173056640625 0.5744016921874999 0.5147265625 0.5749752609375001 0.5124697265625 0.5718229171875 0.5124697265625
0 0.5874401046875 0.49635107500000003 0.5838580734375001 0.4962436515625 0.5837148437499999 0.5015092765625 0.5875833328125 0.501294434375 0.5874401046875 0.49635107500000003
0 0.565662109375 0.47947998125 0.56809765625 0.479157715625 0.5693873703125 0.481521971875 0.5728255203125 0.478942871875 0.5675247390625 0.47518164062499996 0.5637994796875 0.4771162109375 0.565662109375 0.47947998125
0 0.5738287765625001 0.4993598625 0.5764075515625 0.49613622968750004 0.5735423171875 0.49430957031249995 0.5722526046875 0.4959213875 0.570533203125 0.496673340625 0.5738287765625001 0.4993598625
0 0.5906829421875 0.5089951171875 0.5960625 0.508283203125 0.595271484375 0.506146971875 0.5913157546875001 0.50662158125 0.5879928390625 0.507096190625 0.586251953125 0.5075708015625 0.586251953125 0.5094697265625 0.583720703125 0.508283203125 0.5826126296874999 0.50721484375 0.5800813796875001 0.5065029296875 0.5784986984375 0.509351075 0.5808723953125 0.5110126953125 0.5826126296874999 0.5100629890625 0.5876764328124999 0.5133862296875 0.5906829421875 0.5089951171875
0 0.5935305984375 0.5392573234375 0.5905247390625 0.5399692375 0.5903665359375 0.5443598625 0.594322265625 0.5430546875 0.5935305984375 0.5392573234375
0 0.596220703125 0.5248974609375 0.5995436203125 0.527270996875 0.6019173171875 0.5263217765625 0.5989108078125 0.5233544921875 0.596220703125 0.5248974609375
0 0.6004928390625001 0.5330859375 0.6023919265625 0.5353408203125001 0.605873046875 0.5333232421874999 0.6038157546875 0.5311870125 0.6004928390625001 0.5330859375
0 0.6234368484374999 0.5103002937500001 0.6226458328125 0.509232421875 0.6169492187500001 0.5097070312499999 0.6166328125 0.512317871875 0.6197975265625 0.51219921875 0.6228040359375 0.5119619140625 0.6234368484374999 0.5103002937500001
0 0.6326145828125 0.4935673828125 0.6389440109375 0.491787109375 0.6370449218750001 0.4894135734375 0.635462890625 0.49071923906250003 0.6348294265625001 0.48656542968750005 0.6315065109375 0.486802734375 0.6319817703124999 0.49036328124999995 0.6310319015625 0.49083789062500005 0.6326145828125 0.4935673828125
0 0.68799609375 0.49154980468750004 0.6849895828125 0.4930927734375 0.6875208328125 0.494873046875 0.690369140625 0.49380468750000006 0.690052734375 0.49202441406249997 0.68799609375 0.49154980468750004
0 0.700970703125 0.4930927734375 0.7016041671875 0.492974121875 0.7023951828125 0.493211425 0.7038190109375 0.4935673828125 0.7065091140625 0.49071923906250003 0.7054016921875 0.48917626875 0.7036608078125 0.489294921875 0.7008125 0.4875151375 0.6981230468749999 0.489294921875 0.6974895828125 0.4921430671875 0.70049609375 0.493211425 0.700970703125 0.4930927734375
0 0.7285032546875 0.45701562500000004 0.7250221359375 0.4534555671875 0.7229654953125 0.4547607421875 0.7251803390625 0.45820214843749996 0.7281868484375 0.45879589843749996 0.7285032546875 0.45701562500000004
0 0.7234401046875 0.4483525390625 0.721541015625 0.447046875 0.719642578125 0.44799658124999997 0.72169921875 0.4514379875 0.7242311203125 0.4514379875 0.7234401046875 0.4483525390625
0 0.301962890625 0.261779296875 0.3010911453125 0.2598994140625 0.29400781249999997 0.257611328125 0.29226432343750003 0.2581015625 0.2923736984375 0.25973632812499997 0.2990208328125 0.261861328125 0.301962890625 0.261779296875
0 0.300982421875 0.2541787109375 0.2964055984375 0.25785644531249996 0.300982421875 0.2595727546875 0.3038157546875 0.2563852546875 0.300982421875 0.2541787109375
0 0.34097526093749997 0.279841796875 0.33530859375 0.283029296875 0.3371614578125 0.285072265625 0.34457161406250003 0.281884765625 0.34489843750000004 0.28016845625000003 0.34097526093749997 0.279841796875
0 0.322123046875 0.30141796875 0.31994335937499996 0.2985576171875 0.3175462234375 0.298721190625 0.316892578125 0.299783690625 0.3177643234375 0.3028076171875 0.3203795578125 0.303052734375 0.322123046875 0.30141796875
0 0.2905208328125 0.29071142499999997 0.29019401093749997 0.288913575 0.28790559843749997 0.28875 0.2868157546875 0.289240721875 0.287796875 0.291447265625 0.2896490890625 0.291447265625 0.2905208328125 0.29071142499999997
0 0.2673098953125 0.334682128125 0.2679635421875 0.3323935546875 0.2663287765625 0.331821778125 0.2627330734375 0.3323120125 0.2605533859375 0.33263867187499996 0.25870117187499997 0.33451855468749997 0.25935481718750003 0.3350087890625 0.266001953125 0.33549951093749997 0.2673098953125 0.334682128125
0 0.3023990890625 0.36402294999999996 0.3017454421875 0.3641865234375 0.3001106765625 0.36500390625 0.30141796875 0.36770068437500003 0.307302734375 0.3672919921875 0.30544987031250004 0.363859375 0.3023990890625 0.36402294999999996
0 0.323443359375 0.4421357421875 0.3210442703125 0.4403364265625 0.3186451828125 0.4406362296875 0.3190455734375 0.44288525468750006 0.32264322968750003 0.4445346671875 0.323443359375 0.4421357421875
0 0.1901080734375 0.7037587890625 0.1841106765625 0.7010600578124999 0.18231184843749998 0.7033090828125 0.1869095046875 0.7061577156250001 0.1897076828125 0.705407715625 0.1901080734375 0.7037587890625
0 0.06716731718749999 0.72639795 0.061970051562499996 0.724298828125 0.059970703125000004 0.726248046875 0.065568359375 0.7314951171875 0.0693665359375 0.7292465828125 0.06716731718749999 0.72639795
0 0.2150442703125 0.7767573234375 0.21302343750000002 0.77405126875 0.2121575515625 0.7734018546875 0.209271484375 0.774267578125 0.21071484375 0.778056153125 0.2143229171875 0.7784892578125 0.2150442703125 0.7767573234375
0 0.21894075468750002 0.820271484375 0.2216829421875 0.8168076171875001 0.218796875 0.815400390625 0.2166321609375 0.8170239265625 0.2169205734375 0.8188642578125 0.21894075468750002 0.820271484375
0 0.1666953125 0.9097890625 0.159912109375 0.90903125 0.1548606765625 0.9101137703125 0.1567369796875 0.91162890625 0.16655078125 0.9118457031249999 0.1666953125 0.9097890625
0 0.15543815156250002 0.9104384765625 0.160056640625 0.9091396484375001 0.1607779953125 0.9078403312500001 0.1590462234375 0.9057836921875 0.1538502609375 0.9066499015625 0.1537063796875 0.9068662109375 0.1525514328125 0.90946435625 0.15543815156250002 0.9104384765625
0 0.1993131515625 0.9091396484375001 0.1985911453125 0.9080571296875 0.19137500000000002 0.907732421875 0.1906536453125 0.9102216796875 0.1944055984375 0.91087158125 0.1977252609375 0.9102216796875 0.1993131515625 0.9091396484375001
0 0.1975807296875 0.9113042 0.19498307343750002 0.9113042 0.19455012968750002 0.9146596671875 0.19830273437499998 0.9149848625000001 0.1991686203125 0.912711425 0.1975807296875 0.9113042
0 0.20523046875 0.9124951171875001 0.2053743484375 0.9101137703125 0.20335416718750002 0.9097890625 0.20292122343750002 0.9107631843749999 0.1987356765625 0.9109794921875001 0.1988802078125 0.9137939453125 0.20248828125 0.9137939453125 0.20523046875 0.9124951171875001
0 0.22327083281250001 0.9166083984375 0.225724609375 0.917041015625 0.2273118484375 0.91606689375 0.2264459640625 0.913360840625 0.2247141921875 0.9136855468749999 0.2206731765625 0.9130361328125 0.220240234375 0.9132529296874999 0.220240234375 0.915958984375 0.22327083281250001 0.9166083984375
0 0.255744140625 0.9057836921875 0.255744140625 0.906216796875 0.255744140625 0.9078403312500001 0.26916601562500003 0.90794873125 0.2690221359375 0.9063251953125 0.255744140625 0.9057836921875
0 0.2810006515625 0.9030776359375 0.2788359375 0.9038354484375001 0.27854752656250004 0.9061083984374999 0.2769596359375 0.9067583000000001 0.2799908859375 0.9084902343750001 0.28215559843750004 0.90567578125 0.2824440109375 0.9034023437500001 0.2810006515625 0.9030776359375
0 0.2818665359375 0.9060004875000001 0.280134765625 0.908814940625 0.2834544265625 0.9107631843749999 0.28619661406249997 0.9096806640624999 0.285619140625 0.9078403312500001 0.2818665359375 0.9060004875000001
0 0.28691796875 0.90794873125 0.28691796875 0.9093559578124999 0.2887942703125 0.9103300781250001 0.2916809890625 0.9104384765625 0.2931243484375 0.9087065421875 0.290958984375 0.9070830078125001 0.2898046875 0.905892090625 0.28691796875 0.9042685546874999 0.28302148437499997 0.9030776359375 0.2824440109375 0.9055673828125 0.2843203125 0.9064335937499999 0.28691796875 0.90794873125
0 0.29283528593749997 0.90946435625 0.2948561203125 0.9089228515625001 0.2947115890625 0.906974609375 0.2887942703125 0.9031860343749999 0.2863411453125 0.9035107421875 0.290958984375 0.9070830078125001 0.29283528593749997 0.9080571296875 0.29283528593749997 0.90946435625
0 0.2962994796875 0.9100053703125001 0.29788671875 0.9128198234375 0.30062890625 0.91162890625 0.302072265625 0.9103300781250001 0.29817578125 0.906216796875 0.29543359375 0.9070830078125001 0.2948561203125 0.907299315625 0.29528906250000003 0.9087065421875 0.2962994796875 0.9100053703125001
0 0.34190624999999997 0.898748046875 0.3381536453125 0.897665528125 0.3345455734375 0.9029697265625 0.3378645828125 0.9039438484375 0.34190624999999997 0.898748046875
0 0.34536979218749997 0.9021035156250001 0.34118424531249997 0.9010209953125001 0.3400299484375 0.9039438484375 0.34464843749999996 0.9047016609374999 0.34536979218749997 0.9021035156250001
0 0.3466686203125 0.9065415046874999 0.3494108078125 0.905892090625 0.3494108078125 0.9037270515625 0.3491223953125 0.902861328125 0.3455143234375 0.902861328125 0.34464843749999996 0.9050263671875 0.345802734375 0.9050263671875 0.3466686203125 0.9065415046874999
0 0.3222779953125 0.908814940625 0.3222779953125 0.9111962890624999 0.3290611984375 0.9117373046875 0.3297825515625 0.9085981453124999 0.3222779953125 0.908814940625
0 0.3644205734375 0.9060004875000001 0.3585032546875 0.905892090625 0.3585032546875 0.9080571296875 0.3628333328125 0.9080571296875 0.3642766921875 0.9087065421875 0.3644205734375 0.9060004875000001
0 0.35980208281250003 0.9048095703125 0.3639876296875 0.905242675 0.364998046875 0.90264501875 0.3605240890625 0.902428221875 0.35980208281250003 0.9048095703125
0 0.3892447921875 0.8999389656250001 0.389533203125 0.8974492187499999 0.38650260468750003 0.8974492187499999 0.38534765625 0.8970161125 0.3852037765625 0.9002636718750001 0.3892447921875 0.8999389656250001
0 0.3958834640625 0.9055673828125 0.3986256515625 0.9032944328125 0.3970384109375 0.9023203125 0.39357421875 0.899505859375 0.392419921875 0.8970161125 0.39083203125 0.8973408203125001 0.3892447921875 0.9002636718750001 0.38967773437500003 0.9022119140625 0.3958834640625 0.9055673828125
0 0.4855091140625 0.8888979499999999 0.4855091140625 0.8916040046875 0.49229296875 0.8931191406250001 0.49301432343749996 0.8900883796875 0.4855091140625 0.8888979499999999
0 0.5036946609374999 0.8857587890625 0.4997975265625 0.8850009765625 0.4964778640625 0.8888979499999999 0.500375 0.8900883796875 0.5036946609374999 0.8857587890625
0 0.5006634109375 0.8913876953125 0.49849869843750005 0.8963667 0.5021067703125001 0.8965830078125 0.5038385421875 0.892578125 0.5006634109375 0.8913876953125
0 0.5065807296875 0.8921450203125 0.5041276046875 0.892578125 0.50297265625 0.8964750984375 0.5062923171875 0.8977739250000001 0.5065807296875 0.8921450203125
0 0.5067252609375 0.8934443359375001 0.507302734375 0.89409375 0.5067252609375 0.8971245124999999 0.5129309890625 0.896150390625 0.5136529953125 0.8934443359375001 0.5067252609375 0.8934443359375001
0 0.45876041718750005 0.8754062499999999 0.4539928390625 0.8728901375 0.45205078125 0.8747441406249999 0.452580078125 0.8758037109375 0.456818359375 0.8785849609374999 0.45876041718750005 0.8754062499999999
0 0.49160481718750004 0.8326293937499999 0.4923111984375 0.8302456062499999 0.48895637968749994 0.82998046875 0.48365885468750003 0.8340859375 0.48789648437500005 0.8359404296875 0.49160481718750004 0.8326293937499999
0 0.4668834640625 0.8082612296875 0.46423437500000003 0.8065395515624999 0.4599967453125 0.8099829109375 0.46229231718749997 0.8122338859375 0.4668834640625 0.8082612296875
0 0.4601731765625 0.8097177734375001 0.46476432343749996 0.8062744140625 0.46352864531250004 0.8049501953125 0.4608795578125 0.8042880859375 0.45699479218750005 0.8074663078125001 0.4601731765625 0.8097177734375001
0 0.559765625 0.8544814453124999 0.557646484375 0.8523623046875001 0.55464453125 0.8538193359375 0.554998046875 0.8559379890625 0.5578235671875 0.8562031250000001 0.559765625 0.8544814453124999
0 0.6900611984375 0.8150166015625 0.6864954421875 0.8142299812499999 0.6827200515625 0.8200502937499999 0.6867050781249999 0.8228818359375 0.6900611984375 0.8150166015625
0 0.7773151046875 0.8194213875 0.7781536453125 0.8143872078125 0.7737493484375 0.81202783125 0.771861328125 0.820994140625 0.776056640625 0.8233540046875 0.7773151046875 0.8194213875
0 0.7754270828125 0.8556020500000001 0.771861328125 0.8552875984374999 0.7676666671875 0.8601640625 0.7708125 0.862208984375 0.7754270828125 0.8556020500000001
0 0.6961432296875001 0.6182231453125 0.6938365890625 0.6150771484375 0.687333984375 0.6177514640624999 0.689431640625 0.621212403125 0.6961432296875001 0.6182231453125
0 0.819720703125 0.611063965625 0.8162421875 0.6126787109375 0.8177330734374999 0.6152875984375 0.8231992187499999 0.613796875 0.8230332031250001 0.6114365234375 0.819720703125 0.611063965625
0 0.6649674484375 0.7729282234375 0.6625709640624999 0.7708745125 0.6572649734375 0.7762661125 0.6622285156250001 0.7803740234375 0.6668502609375 0.7766513671874999 0.6639407546875 0.77434033125 0.6649674484375 0.7729282234375
0 0.6993710937500001 0.7721582031249999 0.6945787765625 0.770617675 0.6908131515625 0.773056640625 0.6981731765625 0.7751108390625 0.7002272140625 0.774083496875 0.6993710937500001 0.7721582031249999
0 0.8910735671875001 0.6638120125 0.8888483078125 0.6623999031250001 0.8843984375 0.6662509765625 0.8874791671875 0.6672783203125 0.8910735671875001 0.6638120125
0 0.7171178390625 0.2068432609375 0.7148333328125 0.206271971875 0.712701171875 0.20787109374999999 0.7056959640625 0.2079853515625 0.7060006515625 0.210498046875 0.7137675781249999 0.21072656250000002 0.7168131515625 0.21141210937500002 0.7171178390625 0.2068432609375
0 0.5658561203125 0.27310107499999997 0.560677734375 0.2757490234375 0.5623255203124999 0.2789267578125 0.5684453125 0.27504296875 0.5658561203125 0.27310107499999997
0 0.47241015624999994 0.27557226562500003 0.4712330734375 0.27769091874999996 0.47429296875000004 0.280868653125 0.47664648437499996 0.2780439453125 0.47241015624999994 0.27557226562500003
0 0.676720703125 0.1117470703125 0.6746022140625 0.1140419921875 0.6795455734375 0.11721972656249999 0.683076171875 0.11545458906249999 0.676720703125 0.1117470703125
0 0.1550065109375 0.2049379890625 0.153255859375 0.2064892578125 0.1586666671875 0.2106669921875 0.16089453125 0.20792187499999998 0.1550065109375 0.2049379890625
0 0.16041731718750002 0.20434082031249998 0.1588255203125 0.2030283203125 0.156916015625 0.2031474609375 0.1551653640625 0.205057128125 0.1594622390625 0.2067280265625 0.160576171875 0.2064892578125 0.16041731718750002 0.20434082031249998
0 0.5258118484375001 0.11518066406250001 0.5216744796875 0.1133901375 0.5194466140625 0.11458398437499999 0.523583984375 0.1175678703125 0.5259713546875 0.11732910156250001 0.5258118484375001 0.11518066406250001
0 0.387515625 0.174740234375 0.38321875 0.1777241203125 0.38512890624999996 0.1796337890625 0.3900625 0.1765307625 0.387515625 0.174740234375
0 0.3864016921875 0.179275878125 0.389107421875 0.1813051765625 0.3938815109375 0.1784404296875 0.3902213546875 0.1762919921875 0.3864016921875 0.179275878125
0 0.3099264328125 0.6249287109375 0.3092604171875 0.6251787109375 0.3092604171875 0.6249287109375 0.305265625 0.628923828125 0.3099264328125 0.6311708984375 0.31425390625 0.626177246875 0.3099264328125 0.6249287109375
0 0.3761725265625 0.6241796875000001 0.3745078125 0.62742578125 0.37883528593750004 0.629173340625 0.38249739531250004 0.6241796875000001 0.3761725265625 0.6241796875000001
0 0.3012708328125 0.6404086906249999 0.296943359375 0.6436542968750001 0.2992734375 0.6473994140625 0.30459960937499997 0.6426557625 0.3012708328125 0.6404086906249999
0 0.5040045578125001 0.6698701171875 0.5013411453125001 0.6651259765625 0.4980123703125 0.6671235359375001 0.49934375 0.6723666984375 0.5033385421875 0.6723666984375 0.5040045578125001 0.6698701171875
0 0.38749088593750003 0.34429785156250003 0.3844947921875 0.3482924796875 0.38948828125 0.35053955000000003 0.3914856765625 0.34654492187499997 0.38749088593750003 0.34429785156250003
0 0.45819466093749994 0.40029003906250005 0.4527916671875 0.40065039062499996 0.4527916671875 0.40317187499999996 0.45819466093749994 0.4033520515625 0.4593951828125 0.4009204109375 0.45819466093749994 0.40029003906250005
0 0.4568736984375 0.39641748125 0.454232421875 0.397408203125 0.4545924484375 0.4005600578125 0.45783463593749996 0.40047021562499996 0.45819466093749994 0.3970478515625 0.4568736984375 0.39641748125
0 0.4634778640625 0.4005600578125 0.4626373703125 0.39821875 0.45867512968749996 0.3979487296875 0.4577141921875 0.40029003906250005 0.45879492187500004 0.4010102546875 0.4634778640625 0.4005600578125
0 0.5916666671875 0.6320517578125 0.5888860671875 0.6351796875 0.5975052078124999 0.6370561515625 0.597783203125 0.6333027343750001 0.5916666671875 0.6320517578125
0 0.6567278640625 0.610990234375 0.6528352859375001 0.611615721875 0.655615234375 0.617454590625 0.658673828125 0.6141181640625 0.6567278640625 0.610990234375
0 0.08359375 0.575 0.01171875 0.009375
0 0.01015625 0.4765625 0.01171875 0.009375
0 0.14375 0.47890625 0.015625 0.00625
0 0.07265625 0.6375 0.00859375 0.009375
0 0.09453125 0.63203125 0.01328125 0.00703125
0 0.21171875 0.61484375 0.01015625 0.00703125
0 0.24140625 0.6953125 0.0109375 0.00625
0 0.01328125 0.9234375 0.01640625 0.00625
0 0.1203125 0.8578125 0.00546875 0.0078125
0 0.33046875 0.86953125 0.0109375 0.00859375
0 0.59375 0.77734375 0.01484375 0.0078125
0 0.6109375 0.79296875 0.0125 0.0078125
0 0.55625 0.82265625 0.01015625 0.00546875
0 0.6125 0.8125 0.00859375 0.0078125
0 0.71875 0.8921875 0.04375 0.015625
0 0.815625 0.884375 0.02265625 0.01015625
0 0.79921875 0.821875 0.01328125 0.00859375
0 0.803125 0.83671875 0.015625 0.009375
0 0.8484375 0.88828125 0.01484375 0.0109375
0 0.859375 0.79921875 0.0109375 0.01015625
0 0.88515625 0.76328125 0.0078125 0.00859375
0 0.7875 0.75 0.00703125 0.0078125
0 0.7796875 0.75390625 0.0109375 0.00390625
0 0.7984375 0.721875 0.0109375 0.00546875
0 0.83984375 0.7484375 0.009375 0.00625
0 0.878125 0.6984375 0.01640625 0.01328125
0 0.878125 0.659375 0.01015625 0.00859375
0 0.7078125 0.65625 0.0125 0.01015625
0 0.74140625 0.7359375 0.009375 0.00546875
0 0.8265625 0.72734375 0.01015625 0.0078125
0 0.81875 0.7390625 0.00859375 0.00625
0 0.63828125 0.54296875 0.01484375 0.0125
0 0.61015625 0.5515625 0.01328125 0.00625
0 0.6421875 0.5546875 0.01484375 0.0078125
0 0.634375 0.2203125 0.0109375 0.00625
0 0.65234375 0.21796875 0.01171875 0.0078125
0 0.540625 0.21328125 0.01015625 0.00859375
0 0.59765625 0.2078125 0.00859375 0.00859375
0 0.584375 0.2046875 0.0078125 0.00703125
0 0.690625 0.23359375 0.015625 0.00546875
0 0.6 0.146875 0.01875 0.0140625
0 0.178125 0.12890625 0.01484375 0.009375
0 0.34140625 0.109375 0.01953125 0.015625
0 0.24765625 0.2484375 0.01484375 0.009375
0 0.2203125 0.27734375 0.01171875 0.0109375
0 0.1953125 0.3859375 0.01640625 0.01015625
0 0.54921875 0.65390625 0.01171875 0.00859375
0 0.48125 0.6609375 0.015625 0.009375
0 0.56484375 0.73046875 0.0109375 0.0109375
0 0.59921875 0.728125 0.01171875 0.00625
0 0.61484375 0.7296875 0.01171875 0.00625
0 0.565625 0.7515625 0.00703125 0.00546875
0 0.69375 0.7015625 0.0078125 0.00546875
0 0.59140625 0.43828125 0.0125 0.00859375
0 0.57578125 0.38359375 0.01015625 0.01015625
0 0.5640625 0.38828125 0.009375 0.00859375
0 0.4875 0.39296875 0.01640625 0.00703125
0 0.47109375 0.3265625 0.0078125 0.00625
0 0.46875 0.33984375 0.009375 0.00625
0 0.48671875 0.28203125 0.0078125 0.00859375
0 0.765625 0.19765625 0.00859375 0.0078125
0 0.7703125 0.178125 0.01171875 0.00859375
0 0.784375 0.1765625 0.0078125 0.00703125
0 0.7890625 0.228125 0.01015625 0.009375
0 0.784375 0.25625 0.01484375 0.01171875
0 0.609375 0.16796875 0.0125 0.0078125
0 0.6890625 0.125 0.01015625 0.00625
0 0.40390625 0.2140625 0.01171875 0.0078125
0 0.39453125 0.19921875 0.0125 0.00859375
0 0.3671875 0.2109375 0.01171875 0.00859375
0 0.3671875 0.2359375 0.0109375 0.0078125
0 0.43203125 0.15234375 0.0109375 0.00703125
0 0.44296875 0.37265625 0.00859375 0.0078125
0 0.38359375 0.3640625 0.01328125 0.00859375
0 0.42265625 0.434375 0.01015625 0.0078125
0 0.43046875 0.45078125 0.0078125 0.00546875
0 0.36953125 0.51328125 0.01171875 0.0078125
0 0.29765625 0.5140625 0.01015625 0.00859375
0 0.43984375 0.51171875 0.009375 0.00859375
0 0.54609375 0.56484375 0.0125 0.0109375
0 0.46015625 0.62734375 0.01171875 0.00625