0 0.4953125 0.86953125 0.00625 0.00703125
0 0.459375 0.78671875 0.00703125 0.0078125
0 0.5640625 0.6984375 0.00390625 0.00859375
0 0.496875 0.2515625 0.0109375 0.0140625
0 0.5390625 0.290625 0.00546875 0.00859375
0 0.5453125 0.271875 0.00625 0.00859375
0 0.51640625 0.271875 0.00546875 0.0078125
0 0.4875 0.290625 0.00546875 0.0109375
0 0.52109375 0.31171875 0.0046875 0.009375
0 0.5640625 0.29765625 0.00703125 0.009375
0 0.55234375 0.29921875 0.0046875 0.009375
0 0.52265625 0.24140625 0.0046875 0.0078125
0 0.54921875 0.32109375 0.0046875 0.00859375
0 0.55078125 0.33515625 0.00390625 0.009375
0 0.5421875 0.3484375 0.00625 0.01015625
0 0.51796875 0.33828125 0.00546875 0.009375
0 0.603125 0.31328125 0.00625 0.00703125
0 0.59375 0.28828125 0.0046875 0.00859375
0 0.540625 0.3046875 0.00625 0.01171875
0 0.628125 0.29453125 0.00625 0.00859375