0 0.6785987482707194 0.2586779854023937 0.004124504809323426 0.0063864092558270965
0 0.6542311761308681 0.16566459538386025 0.0049330366604888095 0.007194941106992569
0 0.6473636172378606 0.1705976320443491 0.004179068511654194 0.007948909255827096
0 0.6319295901960187 0.17661201906765767 0.003315972958158042 0.005577877404661713
0 0.6208928864751544 0.1965524968351391 0.004851191106992658 0.00485119110699257
0 0.6586731394703793 0.1584696542768677 0.004179068511654194 0.007948909255827141
0 0.646091293916883 0.15656241389551454 0.006413691106992659 0.004905754809323426
0 0.6271776028098903 0.1525296783234848 0.004097222958158042 0.005605159255827141
0 0.5502133095259796 0.09889873603536588 0.008276291469812236 0.013554068511654282
0 0.5803298846610558 0.15494783939341047 0.00970238221398514 0.00970238221398514
0 0.6203993239539498 0.1152206512816428 0.0033978185116541938 0.007921627404661713
0 0.6139682746795894 0.13265368794213167 0.003343254809323426 0.006359127404661713
0 0.6014509165122213 0.15499247941194394 0.004069941106992658 0.004823909255827097
0 0.5919395072563942 0.15141361162592906 0.004179068511654194 0.007948909255827141
0 0.6177480391075596 0.15129456053746995 0.0048784729581580425 0.0056324411069925695
0 0.6588541887447399 0.14125487242570228 0.004260914065150523 0.010292659255827142
0 0.6850719483633867 0.15285457133724314 0.004124504809323426 0.006386409255827142
0 0.7152778035355298 0.1666616109929569 0.0042063503628195775 0.008730159255827142
0 0.7078918894703793 0.15675089765344574 0.004042659255827097 0.004042659255827097
0 0.7002802861123347 0.18517599801626544 0.0073859140651505225 0.010401786660488854