0 0.3674310140625 0.4184740984375 0.3712540796875 0.4221430984375 0.374741684375 0.4214584859375 0.37495359375000004 0.419866496875 0.37075224218749997 0.4154683875 0.36725115 0.4173121796875 0.3674310140625 0.4184740984375
0 0.38220691093750003 0.42777959374999996 0.389734553125 0.42873693125 0.3895816765625 0.4252556765625 0.38340015625 0.42489367031249997 0.38220691093750003 0.42777959374999996
0 0.42548830156250006 0.4127708640625 0.4328225828125 0.41372595156249997 0.43286475312499995 0.41010192968750003 0.42648987343749994 0.40973767343749995 0.42548830156250006 0.4127708640625
0 0.4395728 0.4316365015625 0.4342136296875 0.4270798828125 0.43051074062500005 0.42964652187499996 0.43031738124999996 0.429644271875 0.4348987078125 0.434626471875 0.4395728 0.4316365015625
0 0.475875 0.43495872343749997 0.4797290796875 0.43601835468749994 0.4842283671875 0.431431409375 0.4811527875 0.42994571875 0.475875 0.43495872343749997
0 0.49377432656250003 0.42501816562499994 0.492273640625 0.4210865984375 0.4893610578125 0.42221253281250004 0.48931720156249997 0.42598157499999995 0.49124846250000004 0.42614859843749997 0.49377432656250003 0.42501816562499994
0 0.5385686640625 0.44612616562499996 0.537834021875 0.4427831828125 0.528349825 0.4438326484375 0.5285161953124999 0.44615423437499996 0.5385686640625 0.44612616562499996
0 0.3183273859375 0.5971457421874999 0.315244634375 0.5936465125 0.3130548609375 0.59504749375 0.31614064062499997 0.59834263125 0.3184456765625 0.5986751578125 0.3183273859375 0.5971457421874999
0 0.32200945625 0.595864678125 0.3189201265625 0.5928747171875 0.3164595265625 0.5942720593749999 0.31832146093749997 0.5976550203125 0.31995101875 0.5976739828125 0.32200945625 0.595864678125
0 0.322336425 0.6027947124999999 0.32385124374999996 0.6009790828125 0.32429316406250003 0.5980302109375 0.322138946875 0.59637553125 0.3194021234375 0.5981769406249999 0.320877834375 0.5997221515625 0.3189649421875 0.6007185859375 0.3192162796875 0.6024531890625 0.322336425 0.6027947124999999
0 0.3207412375 0.5998221390625 0.31940093593749996 0.598278990625 0.31518774843749997 0.598535184375 0.31461686875 0.60087163125 0.319101009375 0.60072016875 0.3207412375 0.5998221390625
0 0.38236835625 0.6142906078125 0.38193828750000003 0.6162209234375 0.38410606875000003 0.61665391875 0.3891651765625 0.6137587734375 0.3889114703125 0.6122277828125 0.38715295781250003 0.611595909375 0.38236835625 0.6142906078125
0 0.38369916718749997 0.616649184375 0.3842208078125 0.618488509375 0.38666191250000004 0.6188226203125 0.3913116359375 0.6160242859375 0.3907852578125 0.6145921875 0.3891651765625 0.6137587734375 0.38369916718749997 0.616649184375
0 0.41769966406250003 0.6242767515625001 0.41271048125 0.6211626203125 0.410383571875 0.6227656453125 0.41346988125 0.6259592140625 0.41672781406250003 0.6260986984375 0.41769966406250003 0.6242767515625001
0 0.44532747500000003 0.631015603125 0.450802965625 0.6273102515625 0.4495963703125 0.6259718125 0.4481064328125 0.625649259375 0.4435760703125 0.6297728890625 0.44532747500000003 0.631015603125
0 0.552937515625 0.6271742953125 0.5555412921875 0.6251676953125 0.551906625 0.62237503125 0.5493028437499999 0.6243821171875 0.552937515625 0.6271742953125
0 0.5538099171875001 0.6572334375 0.5583218484375 0.6546376296875 0.5560334015625 0.652879321875 0.5513936968750001 0.6547606546875 0.551233390625 0.656898240625 0.5538099171875001 0.6572334375
0 0.5497866578124999 0.652806634375 0.545470046875 0.6503117406250001 0.5431389359375001 0.6522199359374999 0.54650265 0.654907871875 0.5492235421875 0.6545317609375 0.5497866578124999 0.652806634375
0 0.61403245625 0.6056795562499999 0.6168638703125 0.607444184375 0.6219289046875 0.604039759375 0.6195008343749999 0.6025855328125 0.61403245625 0.6056795562499999
0 0.667093471875 0.5976390671875 0.6691045078125 0.5999034953125 0.6747184374999999 0.5959961125000001 0.672429990625 0.5942378046875 0.667093471875 0.5976390671875
0 0.6515872484375 0.611311584375 0.6518954703125 0.60815751875 0.6446870046875001 0.6090923312500001 0.644254565625 0.6112262609375 0.6515872484375 0.611311584375
0 0.6460617921875 0.5726419671875 0.6494563234374999 0.572681465625 0.64964690625 0.567997990625 0.646520834375 0.5681657437500001 0.6460617921875 0.5726419671875
0 0.59753566875 0.5644446765625 0.5977346328124999 0.57065365625 0.6011215203125 0.571406053125 0.6013351499999999 0.5646859484375 0.59753566875 0.5644446765625
0 0.67662988125 0.46675671406249997 0.6795051421875 0.46475327499999997 0.6765578062500001 0.4612556203125 0.67233750625 0.46212313906249997 0.67662988125 0.46675671406249997
0 0.6109798140625 0.4594738578125 0.6082975 0.4565906984375 0.605150103125 0.4585909703125 0.6075603968750001 0.4615730296875 0.6101357375 0.462010278125 0.6109798140625 0.4594738578125
0 0.625529471875 0.4813394546875 0.62161739375 0.4790529078125 0.6188739875 0.481364075 0.6214196984375 0.48434771093749995 0.624551696875 0.4836706796875 0.625529471875 0.4813394546875
0 0.7433377546875 0.48810895781249997 0.7437773062499999 0.4853637 0.737265003125 0.484778575 0.7364190875000001 0.487417040625 0.7433377546875 0.48810895781249997
0 0.133604978125 0.83122945625 0.133796959375 0.8326371531250001 0.1358753546875 0.8329738796875 0.1386060109375 0.83097510625 0.14092726718749998 0.8283469703125 0.138225690625 0.8278467218750001 0.133604978125 0.83122945625
0 0.1348616 0.8306189937499999 0.13760678906249998 0.8273711953125 0.1355350109375 0.8264099500000001 0.13259122343750002 0.8288745687500001 0.1336122515625 0.83060445625 0.1348616 0.8306189937499999
0 0.0330313921875 0.7713608 0.031295406250000005 0.773773546875 0.0346788234375 0.7765027328125 0.0374105953125 0.7765345203125 0.037434435937499996 0.7744856921875 0.0330313921875 0.7713608
0 0.03790061875 0.7784608937499999 0.0418724 0.7746652796875 0.038822671875 0.7725806875 0.0369161046875 0.7749919359375 0.0367261625 0.776654503125 0.03790061875 0.7784608937499999
0 0.036893759375 0.776912346875 0.033997375 0.7763663671875001 0.031434682812499996 0.776464984375 0.03260765 0.7783993031249999 0.0373852671875 0.7787112781250001 0.036893759375 0.776912346875
0 0.0327797109375 0.7782733578125 0.032921134375 0.7808363859375 0.036841607812499996 0.78139428125 0.037210221875 0.7790935703125 0.0327797109375 0.7782733578125
0 0.0296784828125 0.78067070625 0.0332607921875 0.780968284375 0.03210570625 0.7774973453125 0.029373934375 0.7774655578125 0.0296784828125 0.78067070625
0 0.0324102546875 0.78070249375 0.032554009375 0.783009165625 0.0354638015625 0.7824028000000001 0.0349669796875 0.7811165734375 0.0324102546875 0.78070249375
0 0.029979396874999998 0.7841321953125 0.0320267375 0.784283965625 0.0327216 0.7832675 0.0320639859375 0.78108279375 0.0293292375 0.7813068671875001 0.029979396874999998 0.7841321953125
0 0.0256608 0.747170209375 0.029117435937500002 0.7463489859375 0.028467084375 0.7429806125 0.0261705625 0.742867453125 0.0256608 0.747170209375
0 0.029407703125 0.7510053375 0.029225001562500002 0.7469533453125 0.025661800000000002 0.747084271875 0.0253798453125 0.751562065625 0.026983914062499996 0.751925015625 0.029407703125 0.7510053375
0 0.026637506249999998 0.752093371875 0.023996934375 0.751890259375 0.0240840953125 0.7543041984375 0.0266104328125 0.7544200328125 0.029728040625 0.7530772171875 0.0289450546875 0.751258778125 0.026637506249999998 0.752093371875
0 0.029588390625 0.7552301796875 0.0282235171875 0.7540080812500001 0.028108934375 0.754006746875 0.024759509375 0.7555187625 0.02427781875 0.7574089234375 0.027265796874999998 0.75735774375 0.02957635625 0.7562643578125 0.029588390625 0.7552301796875
0 0.21579785468749998 0.5218845703125 0.21039133593749998 0.518655215625 0.20803442031250002 0.5207105921874999 0.21155129687500002 0.5240014671875 0.21444804374999998 0.5232850703125 0.21579785468749998 0.5218845703125
0 0.2146579359375 0.572116878125 0.21268022968750003 0.570177590625 0.20618807968750003 0.5743516468750001 0.20417645 0.5753278859375001 0.20648748281249998 0.577271540625 0.2146579359375 0.572116878125
0 0.2019822359375 0.57296951875 0.204067709375 0.57516009375 0.20966827968750001 0.571225696875 0.20757602187500002 0.5696181296875 0.2019822359375 0.57296951875
0 0.16535731250000002 0.5696269390625 0.1689323640625 0.5679183015625 0.164754634375 0.5641201578125 0.161625215625 0.565750471875 0.16535731250000002 0.5696269390625
0 0.6306362671875 0.6664498078125 0.63451846875 0.6669950499999999 0.63446628125 0.661911234375 0.630794128125 0.6624520796875 0.6306362671875 0.6664498078125
0 0.816865896875 0.5594589437499999 0.8204196140625 0.5595838015625 0.8204816578124999 0.5542517703125001 0.817483278125 0.554133371875 0.816865896875 0.5594589437499999
0 0.8805053125000001 0.6433449875 0.8848262921875 0.6408758812500001 0.8829864625000001 0.6386149125 0.8779187390625 0.641075328125 0.8784574640624999 0.6429011796874999 0.8805053125000001 0.6433449875
0 0.7521534671875 0.7352137265625001 0.7554991625 0.7363724390625 0.7579809625 0.731642371875 0.75537321875 0.7311920484375001 0.7521534671875 0.7352137265625001
0 0.503334884375 0.8575155859375 0.505595253125 0.8553076984375 0.5009637046875001 0.8532984625 0.49908775156249996 0.8545336406249999 0.503334884375 0.8575155859375
0 0.5007466390624999 0.855949128125 0.49852753281249995 0.8546667890625 0.495158753125 0.856163440625 0.49830559374999994 0.8577363984374999 0.5005425671875 0.8574830953125 0.5007466390624999 0.855949128125
0 0.1717006353039559 0.2184334686903171 0.018849997334499945 0.008811926002545345
0 0.009563714632410668 0.25248920066836356 0.008675566000954501 0.007131247334499946
0 0.05075178862986533 0.27172100600731786 0.008675566000954493 0.007131247334499946
0 0.05675634062700182 0.2928874813414996 0.008657384667409063 0.005568747334499946
0 0.03068418929027471 0.3175874893379998 0.008657384667409063 0.005568747334499946
0 0.28073873329091104 0.31580900270527096 0.011836928668045399 0.010292610001590851
0 0.2704006699554566 0.3313158240372256 0.00475113466740904 0.0055232940006362695
0 0.3063018072883657 0.3348589947087708 0.00864829400063627 0.004787497334499946
0 0.3304023786203203 0.3452970553787252 0.0070948846674090404 0.005550566000954493
0 0.2848080679503659 0.3689885467059073 0.00865738466740904 0.005568747334499946
0 0.30113250194941144 0.37621070070813445 0.00943863466740904 0.005577838001272717
0 0.3876523519653198 0.26001408338636117 0.011037497334499945 0.008721019334818081
0 0.33562677530236507 0.2320612587125888 0.009447725334181811 0.006359088001272717
0 0.2932938246340015 0.2440703627068618 0.00865738466740904 0.005568747334499946
0 0.24436542862827446 0.285694241366953 0.00866647533418181 0.006349997334499946
0 0.26215236529282004 0.30152832670272567 0.00943863466740904 0.005577838001272717
0 0.3832915686266837 0.2990311300524976 0.011046588001272718 0.00950226933481808
0 0.388978494629229 0.28034476471990666 0.00866647533418181 0.006349997334499946
0 0.41694895329409276 0.2939532787237247 0.005532384667409041 0.005532384667409041
0 0.39651827462604733 0.30387317138763387 0.00475113466740904 0.0055232940006362695
0 0.4071921452896383 0.32665669072245196 0.012581816000954404 0.0071767006683636225
0 0.35398532928868387 0.33306977538190685 0.01257272533418181 0.006395450668363623
0 0.32000977128422947 0.3654913767106798 0.011827838001272717 0.009511360001590852
0 0.32066375194941144 0.3764379673774525 0.011019316000954493 0.007158519334818081
0 0.33858704861554784 0.38055330271322513 0.00865738466740904 0.005568747334499946
0 0.36284216128263874 0.37771011338317956 0.011010225334181811 0.006377269334818081
0 0.43768761994750244 0.3918640673933608 0.00943863466740904 0.005577838001272717
0 0.4598898839513204 0.3639936060629971 0.013381247334499946 0.008748291335136216
0 0.4968813539545021 0.3409833674013151 0.011818747334499946 0.008730110001590852
0 0.5020410212842294 0.3676095020687241 0.010256247334499946 0.00871192866804531
0 0.4901222766152296 0.3846606420671333 0.008693747334499947 0.008693747334499947
0 0.5756421532861384 0.35440152474536 0.010283519334818081 0.0110556786680454
0 0.5539495139640471 0.27132539540895106 0.009465906667727175 0.007921588001272717
0 0.48450062730745574 0.19628848539940605 0.013417610001590852 0.01187329133513626
0 0.5907415366406831 0.19830606608049628 0.01731476933481808 0.011137494668999891
0 0.4229545999761374 0.180726572724361 0.028334085335772485 0.018296014003817973
0 0.5232364106460918 0.15767142807126944 0.022093176002545435 0.01900453866963625
0 0.5470540766231838 0.3267214200747693 0.011809656667727353 0.007948860001590851
0 0.6249705386298653 0.2784026460852688 0.00793976933481808 0.011028406667727175
0 0.6628614373010924 0.24524524809035947 0.011019316000954404 0.007158519334818081
0 0.9022972019812283 0.1487991514560398 0.00792158800127254 0.00946590666772722
0 0.8574835939688196 0.2396963241167674 0.00950226933481808 0.011046588001272718
0 0.7987989373010924 0.24682702410881321 0.01646988466740886 0.005659654002227121
0 0.3072103266231838 0.32393058537554353 0.011019316000954493 0.007158519334818081
0 0.2627518019573656 0.31716241736949835 0.007876134667409041 0.005559656667727175
0 0.38276430995386573 0.3443436300524976 0.009447725334181811 0.006359088001272717
0 0.611761466621593 0.3391946954169053 0.01417158800127254 0.009538632001908987
0 0.6463910052912292 0.31771968475490503 0.005532384667409218 0.005532384667409041
0 0.6506427006285926 0.2880776380887687 0.011809656667727353 0.007948860001590851
0 0.6795853132956836 0.28528899275935937 0.009465906667727352 0.007921588001272628
0 0.5184290899506842 0.36936290607095124 0.007103975334181811 0.006331816000954582
0 0.5321097819462297 0.4023390380728603 0.0071130660009544044 0.0071130660009544044
0 0.5515228532781844 0.41272255474217834 0.015743178668045487 0.01033806333545435
0 0.5442370646085481 0.4345157387412238 0.00943863466740904 0.005577838001272539
0 0.5183376359405028 0.44437199673772404 0.011028406667727175 0.00793976933481808
0 0.4354251386060028 0.4520021360598155 0.00866647533418181 0.006349997334499946
0 0.38775979793923004 0.4522288553866794 0.00866647533418181 0.006349997334499946
0 0.3810825366009121 0.4888748800524976 0.01573408800127272 0.009556813335454351
0 0.4672654846037756 0.468781103397497 0.011818747334499946 0.008730110001590852
0 0.4788296932686393 0.4821987133990879 0.009465906667727352 0.007921588001272717
0 0.5115694679344576 0.4888305214035422 0.009484088001272716 0.009484088001272716
0 0.3299927512730937 0.4476498960454979 0.011010225334181811 0.006377269334818081
0 0.345345031269912 0.4712692093809524 0.01257272533418181 0.006395450668363623
0 0.3552103799331848 0.49638738804899774 0.012590906667727175 0.007957950668363623
0 0.4013404926002758 0.49379873738858837 0.008684656667727353 0.007912497334499946
0 0.42696720126513943 0.5073799793920882 0.012627269334818081 0.011082950668363623
0 0.26949105593573025 0.4766374147039983 0.0126181786680454 0.010301700668363622
0 0.2170654899347757 0.4830595900302258 0.013426700668363623 0.012654541335136216
0 0.10583763594050273 0.4395721246817265 0.013381247334499946 0.008748291335136216
0 0.14447287460218478 0.47674540802036275 0.014925566000954493 0.007203972668681757
0 0.11371322326545767 0.5013908720162265 0.014952838001272672 0.009547722668681757
0 0.0028233659691377835 0.46100113466740905 0.005646731938275567 0.012627269334818081
0 0.07132572859645778 0.5180874760104995 0.01337215666772722 0.007967041335136215
0 0.0590888105904126 0.5624823660089087 0.0149619286680454 0.010328972668681758
0 0.246870621260367 0.5404453760343622 0.00950226933481808 0.011046588001272539
0 0.23862231659773045 0.5106578786998621 0.011836928668045399 0.010292610001590851
0 0.1555183679185492 0.6018908586887262 0.013390338001272673 0.009529541335136216
0 0.23012801658977627 0.5691607220321349 0.016506247334499947 0.00878465400222712
0 0.22412346459263977 0.547994246697953 0.014943747334499945 0.008766472668681757
0 0.22028939258436742 0.6088953840308623 0.014971019334818082 0.011110222668681757
0 0.22522234058723095 0.5878561780314986 0.011019316000954493 0.007158519334818081
0 0.29399052192077635 0.5870936567074981 0.011092041335136216 0.01340851933481808
0 0.26499281791059504 0.6617663927036801 0.013426700668363534 0.012654541335136216
0 0.28001838124604944 0.6463141153723619 0.006331816000954493 0.007103975334181811
0 0.27783826324795846 0.6322243433720437 0.00943863466740904 0.005577838001272717
0 0.3023570052514583 0.6067249040419981 0.007103975334181811 0.006331816000954405
0 0.32457745058882176 0.5772919427116343 0.016506247334499947 0.00878465400222712
0 0.38100871658182206 0.629518061386043 0.009493178668045398 0.010265338001272717
0 0.36051440324636763 0.6449067040499522 0.011827838001272717 0.009511360001590852
0 0.30456384790741337 0.685667516709089 0.013435791335136305 0.013435791335136216
0 0.4886774079408209 0.4416828014003606 0.016569882001908988 0.014253404002227299
0 0.5610063939370029 0.47065323341022375 0.014934656667727175 0.007985222668681758
0 0.5074541325986849 0.5067538180696787 0.010256247334499946 0.008711928668045488
0 0.5657018899188674 0.6043197087444054 0.01257272533418181 0.006395450668363623
0 0.41678313192236727 0.5768021413908155 0.010238066000954404 0.007149428668045488
0 0.5794194919239579 0.5669742500795418 0.009456816000954405 0.007140338001272717
0 0.6096337032543218 0.589203786083678 0.01021079400063627 0.004805678668045488
0 0.5955802939210946 0.588258904081769 0.006349997334499946 0.00866647533418181
0 0.558943359922049 0.5808003927434511 0.004805678668045488 0.01021079400063627
0 0.6200172199236398 0.5697907147517234 0.00866647533418181 0.006349997334499946
0 0.6309729012571854 0.5683554840865415 0.007894316000954405 0.007122156667727175
0 0.6124865305935943 0.5454810580839962 0.011782384667409041 0.0056051100015908515
0 0.630464371260367 0.5449088934197688 0.011818747334499946 0.008730110001590852
0 0.596680264600594 0.493727654081769 0.011019316000954404 0.007158519334818081
0 0.5619507285964578 0.5237964147437693 0.011037497334499945 0.008721019334818081
0 0.5994961819303214 0.5203265167488599 0.010274428668045487 0.010274428668045487
0 0.6059370859325485 0.5039929920830416 0.012609088001272539 0.009520450668363623
0 0.5199450419319123 0.5076805187380422 0.013372156667727175 0.007967041335136215
0 0.521353000596776 0.5209799500715876 0.01099204400063627 0.004814769334818081
0 0.6743052779280942 0.5376054707590412 0.011010225334181811 0.006377269334818081
0 0.7225518739258671 0.5545753420989501 0.013353975334181811 0.006404541335136215
0 0.7176189259230036 0.5756145480983136 0.011010225334181811 0.006377269334818081
0 0.7712166405951851 0.5356077134388588 0.00942954400063627 0.004796588001272539
0 0.7635586819303214 0.5222355567711315 0.011800566000954405 0.007167610001590852
0 0.7955535692632305 0.5257332741088131 0.01257272533418181 0.006395450668363623
0 0.7391121179185491 0.6086815867679499 0.014961928668045488 0.010328972668681758
0 0.8538018739258671 0.5561025741167673 0.012599997334499947 0.008739200668363622
0 0.8516217559277761 0.5420128021164492 0.011818747334499946 0.008730110001590852
0 0.9574984912476403 0.6424769734643121 0.006349997334499946 0.00866647533418181
0 0.9804814579090042 0.6818121934674938 0.010228975334181812 0.006368178668045487
0 0.9645928285725953 0.7042866301320394 0.011818747334499946 0.008730110001590852
0 0.5897200979074133 0.6889856100811326 0.01573408800127272 0.009556813335454351
0 0.6140928419000955 0.7431827614178598 0.015724997334499946 0.00877556333545435
0 0.6846598805697317 0.7221259214274047 0.018068747334499945 0.008802835335772485
0 0.6034467905792767 0.6508589014162689 0.01966761000159085 0.011946016669318027
0 0.6565445185789586 0.653820816756814 0.01654261000159085 0.011909654002227299
0 0.6409462432368226 0.7184918440881323 0.011037497334499945 0.008721019334818081
0 0.49953144991250403 0.6504310927354968 0.017342041335136216 0.013481244668999892
0 0.3564525172263231 0.7925356820496341 0.0149619286680454 0.010328972668681758
0 0.3710690005570051 0.8122396547183157 0.017278406667727175 0.008012494668999892
0 0.33032582188895965 0.8219231900461341 0.011028406667727175 0.007939769334818436
0 0.2911633245544597 0.8300624067074981 0.015724997334499946 0.00877556333545435
0 0.24197184655477785 0.8271459447008166 0.010256247334499946 0.008711928668045488
0 0.3266104758911868 0.8054714867122706 0.011028406667727175 0.00793976933481808
0 0.32452071721836895 0.8507658053787251 0.01960397533418181 0.006477266669318027
0 0.2720315165500054 0.8626567307049526 0.01339942866804531 0.010310791335136571
0 0.24644117055223255 0.8459504887014528 0.012599997334499947 0.008739200668363622
0 0.18279629388132362 0.8764641446928625 0.015706816000954492 0.007213063335454706
0 0.07593831389245949 0.7931783826782267 0.018877269334818127 0.011155676002545434
0 0.5428349125557324 0.8236146014083147 0.01651533800127254 0.009565904002226944
0 0.47138662655159624 0.853256100731997 0.011818747334499946 0.008730110001590675
0 0.7668205892743665 0.4433565787714497 0.011836928668045487 0.010292610001590851
0 0.7026217292727754 0.4543298940960865 0.012599997334499947 0.008739200668363622
0 0.9058285452737301 0.4496622174569943 0.014153406667727353 0.007976132001908987
0 0.8677745619430481 0.4296855247851309 0.011028406667727354 0.00793976933481808
0 0.9333450179424118 0.4351366407940396 0.014144316000954404 0.0071948820019089865
0 0.8667120486155477 0.38669859345158547 0.013381247334499946 0.008748291335136304
0 0.21613878926641217 0.49555049936345313 0.011019316000954493 0.007158519334818081
0 0.36142456460854816 0.43238852271640676 0.007894316000954582 0.007122156667727353
0 0.5833813806095026 0.42793902207986 0.013353975334181811 0.006404541335136215