0 0.36796875 0.53359375 0.01171875 0.009375
0 0.3671875 0.5078125 0.01328125 0.0109375
0 0.340625 0.50625 0.01171875 0.0078125
0 0.51640625 0.50546875 0.01015625 0.00625
0 0.54140625 0.69609375 0.0140625 0.01015625
0 0.76875 0.54609375 0.01328125 0.00859375
0 0.71640625 0.46875 0.0140625 0.0109375
0 0.4171875 0.50625 0.0109375 0.00859375
0 0.665625 0.48359375 0.01171875 0.0078125
0 0.4546875 0.259375 0.015625 0.0109375
0 0.2078125 0.496875 0.0125 0.009375
0 0.3953125 0.39453125 0.01171875 0.00859375
0 0.5375 0.39609375 0.0125 0.009375
0 0.44140625 0.46953125 0.01171875 0.009375
0 0.28515625 0.35703125 0.0140625 0.01015625
0 0.98203125 0.46796875 0.0140625 0.009375
0 0.37890625 0.40546875 0.01328125 0.009375
0 0.646875 0.5578125 0.01015625 0.00703125
0 0.340625 0.353125 0.01171875 0.00859375
0 0.50234375 0.23203125 0.0140625 0.01171875
0 0.59296875 0.4546875 0.0109375 0.0078125
0 0.76796875 0.29296875 0.0109375 0.00703125
0 0.63984375 0.45546875 0.0125 0.00859375
0 0.540625 0.534375 0.01171875 0.009375
0 0.51953125 0.85546875 0.0109375 0.00703125
0 0.35234375 0.5921875 0.01640625 0.01015625
0 0.02734375 0.59609375 0.01484375 0.01015625
0 0.4328125 0.58125 0.01171875 0.00859375
0 0.95390625 0.484375 0.01171875 0.00859375
0 0.8109375 0.3296875 0.01484375 0.009375
0 0.5296875 0.71953125 0.01328125 0.0078125
0 0.7671875 0.45703125 0.0125 0.009375
0 0.571875 0.46875 0.0109375 0.0078125
0 0.70625 0.83125 0.0125 0.0078125
0 0.6484375 0.6078125 0.01171875 0.0078125
0 0.10703125 0.5671875 0.01171875 0.00703125
0 0.4765625 0.69453125 0.01171875 0.0078125
0 0.15703125 0.396875 0.0140625 0.0109375
0 0.76015625 0.4859375 0.0140625 0.009375
0 0.70859375 0.6453125 0.01171875 0.0078125
0 0.92109375 0.49296875 0.0109375 0.00703125
0 0.421875 0.54375 0.0125 0.00859375
0 0.41875 0.4578125 0.009375 0.0078125
0 0.31875 0.5703125 0.0125 0.009375
0 0.45625 0.53515625 0.01015625 0.0078125
0 0.6875 0.46640625 0.015625 0.0109375
0 0.321875 0.83203125 0.0125 0.009375
0 0.89375 0.58046875 0.0109375 0.00625
0 0.53125 0.415625 0.01328125 0.009375
0 0.6109375 0.503125 0.01328125 0.009375
0 0.73828125 0.18203125 0.0140625 0.0109375
0 0.38984375 0.44609375 0.0125 0.009375
0 0.9765625 0.57109375 0.01328125 0.01171875
0 0.3125 0.384375 0.0140625 0.0125
0 0.7015625 0.628125 0.015625 0.01015625
0 0.88125 0.52890625 0.0125 0.00859375
0 0.0765625 0.33984375 0.01875 0.0125
0 0.5125 0.69140625 0.01328125 0.00859375
0 0.303125 0.57578125 0.015625 0.01015625
0 0.36015625 0.4375 0.0140625 0.0109375
0 0.8046875 0.03203125 0.0140625 0.0109375
0 0.7109375 0.1328125 0.0125 0.009375
0 0.1734375 0.78359375 0.0140625 0.01015625
0 0.7546875 0.58359375 0.01171875 0.00859375
0 0.303125 0.55390625 0.0109375 0.009375
0 0.7453125 0.63203125 0.01171875 0.00859375
0 0.56875 0.5546875 0.01015625 0.00625
0 0.48828125 0.18125 0.0140625 0.0109375
0 0.53828125 0.4921875 0.0140625 0.009375
0 0.371875 0.37890625 0.0125 0.009375
0 0.5046875 0.3515625 0.01328125 0.009375
0 0.18515625 0.74140625 0.01328125 0.009375
0 0.43203125 0.51640625 0.0109375 0.009375
0 0.78671875 0.58125 0.015625 0.01171875
0 0.8078125 0.49296875 0.0140625 0.00859375
0 0.0453125 0.52890625 0.0140625 0.01015625
0 0.86953125 0.37265625 0.01328125 0.00859375
0 0.93671875 0.29609375 0.015625 0.0109375
0 0.54375 0.46015625 0.0125 0.009375
0 0.73515625 0.38125 0.0140625 0.009375
0 0.41796875 0.6046875 0.0109375 0.0078125
0 0.90859375 0.540625 0.01171875 0.009375
0 0.73515625 0.5546875 0.01328125 0.00859375
0 0.78125 0.3171875 0.01328125 0.009375
0 0.69453125 0.709375 0.0109375 0.0078125
0 0.58828125 0.43984375 0.0125 0.009375
0 0.6296875 0.73125 0.01953125 0.01328125
0 0.71171875 0.79140625 0.01484375 0.01015625
0 0.66875 0.553125 0.01328125 0.009375
0 0.44140625 0.63828125 0.0125 0.01015625
0 0.6203125 0.57734375 0.01015625 0.00703125
0 0.421875 0.1828125 0.0140625 0.0109375
0 0.4859375 0.81015625 0.01015625 0.00859375
0 0.93671875 0.5703125 0.01484375 0.0109375
0 0.3796875 0.909375 0.0109375 0.00859375
0 0.3609375 0.465625 0.009375 0.00703125
0 0.29921875 0.4734375 0.0125 0.009375
0 0.2078125 0.52265625 0.01171875 0.00859375
0 0.39296875 0.55 0.01171875 0.0109375
0 0.4609375 0.49921875 0.01171875 0.0078125
0 0.61484375 0.53984375 0.01015625 0.0078125
0 0.58671875 0.5484375 0.009375 0.00625
0 0.59765625 0.55625 0.01328125 0.003125
0 0.659375 0.5015625 0.01015625 0.0109375
0 0.70390625 0.525 0.0078125 0.01015625
0 0.7109375 0.51171875 0.0109375 0.0078125
0 0.67265625 0.50625 0.0125 0.00703125
0 0.47265625 0.51171875 0.01328125 0.00859375
0 0.4671875 0.55 0.0125 0.0078125
0 0.7109375 0.56484375 0.00546875 0.0046875
0 0.6796875 0.61484375 0.01015625 0.00390625
0 0.4265625 0.625 0.00859375 0.00859375
0 0.509375 0.61640625 0.01171875 0.009375
0 0.44375 0.66328125 0.0125 0.009375
0 0.48359375 0.675 0.00859375 0.0109375
0 0.12421875 0.546875 0.0140625 0.009375
0 0.1421875 0.4859375 0.009375 0.00625
0 0.5515625 0.48828125 0.0125 0.0078125