0 0.97890625 0.5453125 0.0125 0.00859375
0 0.4921875 0.39375 0.0109375 0.0078125
0 0.45625 0.51875 0.01015625 0.00625
0 0.740625 0.65546875 0.01171875 0.0078125
0 0.640625 0.56953125 0.01015625 0.00703125
0 0.48671875 0.32265625 0.01328125 0.00859375
0 0.4046875 0.47890625 0.009375 0.00625
0 0.4921875 0.4921875 0.01328125 0.00859375
0 0.528125 0.3640625 0.01328125 0.01015625
0 0.459375 0.59375 0.0109375 0.00703125
0 0.3453125 0.45546875 0.0109375 0.00703125
0 0.88046875 0.51953125 0.0109375 0.00703125
0 0.6828125 0.3328125 0.01015625 0.00703125
0 0.50078125 0.58125 0.0140625 0.0109375
0 0.3671875 0.75546875 0.0125 0.0078125
0 0.90546875 0.49453125 0.01015625 0.00703125
0 0.76484375 0.46953125 0.0125 0.0109375
0 0.85703125 0.628125 0.0140625 0.01015625
0 0.34296875 0.54375 0.01015625 0.00703125
0 0.60625 0.55546875 0.01171875 0.00859375
0 0.81015625 0.3390625 0.0125 0.01015625
0 0.25234375 0.55625 0.01171875 0.00859375
0 0.65234375 0.63046875 0.01015625 0.0078125
0 0.78125 0.4296875 0.01171875 0.0078125
0 0.71015625 0.55859375 0.009375 0.0078125
0 0.5046875 0.46640625 0.0140625 0.009375
0 0.87109375 0.36875 0.0109375 0.00703125
0 0.5828125 0.63203125 0.0109375 0.00703125
0 0.453125 0.49140625 0.01015625 0.00703125
0 0.83203125 0.46796875 0.009375 0.00625
0 0.64375 0.6453125 0.0109375 0.0078125
0 0.4078125 0.5859375 0.0109375 0.0078125
0 0.82890625 0.77890625 0.0125 0.00859375
0 0.678125 0.403125 0.01328125 0.00859375
0 0.8921875 0.7328125 0.0109375 0.00859375
0 0.41953125 0.63203125 0.01015625 0.00703125
0 0.4046875 0.6171875 0.00859375 0.00625
0 0.5609375 0.61171875 0.01328125 0.01015625
0 0.44296875 0.371875 0.01171875 0.00859375
0 0.4390625 0.6171875 0.01171875 0.00859375
0 0.26875 0.43671875 0.01171875 0.009375
0 0.63984375 0.24140625 0.01171875 0.0078125
0 0.55390625 0.3796875 0.0140625 0.00859375
0 0.44609375 0.459375 0.009375 0.00859375
0 0.65859375 0.61015625 0.01015625 0.0078125
0 0.75625 0.609375 0.009375 0.0078125
0 0.82890625 0.34609375 0.0109375 0.009375
0 0.65234375 0.7265625 0.0140625 0.01015625
0 0.878125 0.471875 0.01328125 0.01015625
0 0.34453125 0.6078125 0.01015625 0.00703125
0 0.4640625 0.44140625 0.01171875 0.0078125
0 0.67890625 0.4953125 0.009375 0.00703125
0 0.559375 0.58984375 0.01328125 0.01015625
0 0.47109375 0.88125 0.0109375 0.0078125
0 0.971875 0.3703125 0.01171875 0.0078125
0 0.696875 0.25625 0.0109375 0.00625
0 0.759375 0.434375 0.01015625 0.0078125
0 0.8828125 0.32109375 0.01171875 0.0078125
0 0.78984375 0.659375 0.01171875 0.00859375
0 0.6625 0.534375 0.0109375 0.009375
0 0.7625 0.49296875 0.01171875 0.009375
0 0.296875 0.63125 0.01171875 0.0078125
0 0.81484375 0.36640625 0.01328125 0.009375
0 0.7671875 0.39609375 0.0109375 0.0078125
0 0.28515625 0.76171875 0.009375 0.0078125
0 0.696875 0.684375 0.01015625 0.0078125
0 0.628125 0.87890625 0.01875 0.01171875
0 0.4609375 0.53515625 0.01015625 0.0078125
0 0.96953125 0.5296875 0.009375 0.0078125
0 0.24296875 0.303125 0.01171875 0.0078125
0 0.721875 0.5765625 0.01171875 0.00859375
0 0.8078125 0.5125 0.01640625 0.01171875
0 0.73671875 0.56171875 0.00859375 0.00703125
0 0.67734375 0.67890625 0.01015625 0.00703125
0 0.853125 0.44609375 0.0109375 0.0078125
0 0.73515625 0.3734375 0.01328125 0.009375
0 0.73984375 0.60859375 0.0109375 0.00859375
0 0.6109375 0.56953125 0.0140625 0.01015625
0 0.71484375 0.696875 0.0109375 0.00859375
0 0.60703125 0.32109375 0.009375 0.00625
0 0.55859375 0.465625 0.0140625 0.01015625
0 0.6734375 0.296875 0.0125 0.00859375
0 0.30625 0.57578125 0.01171875 0.00859375
0 0.48125 0.6109375 0.009375 0.00546875
0 0.4734375 0.68515625 0.00859375 0.00546875
0 0.7265625 0.5234375 0.01015625 0.00859375
0 0.7234375 0.46640625 0.01015625 0.00859375
0 0.81796875 0.496875 0.01015625 0.00703125
0 0.85390625 0.4734375 0.00859375 0.00703125
0 0.8125 0.42578125 0.00859375 0.00703125
0 0.9640625 0.3875 0.0078125 0.0046875
0 0.91328125 0.38515625 0.00859375 0.00625
0 0.525 0.4359375 0.0171875 0.0171875
0 0.57265625 0.43984375 0.0140625 0.0140625
0 0.75703125 0.56015625 0.01171875 0.00703125
0 0.615625 0.60546875 0.01640625 0.01015625
0 0.40390625 0.7109375 0.0125 0.00859375
0 0.6625 0.44140625 0.0140625 0.00625
0 0.7015625 0.49609375 0.01171875 0.00625
0 0.775 0.5109375 0.00859375 0.00546875
0 0.78125 0.4734375 0.00703125 0.0046875
0 0.67109375 0.5609375 0.009375 0.00625
0 0.6953125 0.559375 0.00859375 0.00546875
0 0.584375 0.57890625 0.00859375 0.00625
0 0.646875 0.5890625 0.01015625 0.00703125
0 0.58359375 0.57109375 0.0078125 0.0046875
0 0.5765625 0.6765625 0.01015625 0.00703125
0 0.6390625 0.66796875 0.00859375 0.00703125
0 0.66171875 0.75234375 0.0078125 0.0078125
0 0.8359375 0.73671875 0.009375 0.00625